6 500.201900000000 1429.39600000000 3490.16300000000
6.65000000000000 399.263800000000 1351.33800000000 4090.32400000000
6.00060000000000 500.014100000000 1603.03100000000 4077.21900000000
6 500.203800000000 1457.81500000000 3495.85700000000
7 420.174100000000 1491.38600000000 4319.27500000000
7 420.284100000000 1491.60200000000 4306.05400000000
6.56820000000000 440.673500000000 1542.15600000000 4411.50400000000
6.54940000000000 440.902900000000 1542.44300000000 4448.87100000000
6.55530000000000 440.870000000000 1591.23600000000 4281.73000000000
6.55000000000000 440.710600000000 1541.13200000000 4392.49400000000
6.55000000000000 440.894100000000 1542.54900000000 4406.77400000000
6.54650000000000 440.941800000000 1541.27500000000 4390.11500000000
6.55120000000000 440.918800000000 1541.20400000000 4411.74500000000
6.54880000000000 440.877100000000 1542.04900000000 4385.61800000000
5.99940000000000 500.143100000000 1590.78800000000 4109.75600000000
5.99810000000000 500.081900000000 1591.32600000000 4090.03300000000
6.00180000000000 500.215900000000 1590.83900000000 4089.65200000000
6 500.263800000000 1590.37400000000 4121.83900000000
6.00120000000000 500.067100000000 1491.60000000000 3512.28500000000
6 500.225300000000 1491.27900000000 3481.88500000000
6.54940000000000 490.277100000000 1491.96200000000 4274.23400000000
6 500.176500000000 1491.67200000000 3494.60400000000
6 500.215600000000 1455.71400000000 3504.27800000000
5.99810000000000 500.198100000000 1424.01000000000 3493.93100000000
6 500.215300000000 1491.25800000000 3495.04000000000
6 500.184100000000 1491.15200000000 3496.25500000000
6 500.263300000000 1492.10300000000 3509.70000000000
6.55180000000000 489.431800000000 1490.59500000000 4298.55800000000
6.54240000000000 490.561800000000 1491.18800000000 4280.98400000000
6.55000000000000 490.590600000000 1492.13900000000 4292.58200000000