  2.3999692e+004  1.3999477e+004  5.9999010e+000  4.1796318e+001  3.8581311e+002  9.0426230e+001  2.3999092e+004
  2.3999831e+004  1.3999508e+004  6.0000200e+000  4.0090542e+001  3.8578852e+002  9.6229508e+001  2.3999292e+004
  2.3999385e+004  1.4001477e+004  6.0000640e+000  4.2571509e+001  3.8584098e+002  9.6131148e+001  2.3998523e+004
  2.3999062e+004  1.3999600e+004  5.9999860e+000  4.1723598e+001  3.8577213e+002  9.0459016e+001  2.3999308e+004
  2.3999462e+004  1.4000077e+004  5.9998980e+000  3.9960263e+001  3.8591639e+002  9.0409836e+001  2.3999446e+004
  2.3999246e+004  1.3999477e+004  5.9999430e+000  4.1591132e+001  3.8577377e+002  9.0377049e+001  2.3999000e+004
  2.3999200e+004  1.3996938e+004  5.9999630e+000  3.7350042e+001  3.8585082e+002  9.0540984e+001  2.3998846e+004
  2.3999046e+004  1.3999538e+004  5.9999950e+000  4.1967097e+001  3.8577541e+002  8.3655738e+001  2.3999308e+004
  2.3999662e+004  1.3998585e+004  5.9998720e+000  4.4184517e+001  3.8592459e+002  9.0524590e+001  2.3999800e+004
  2.3999754e+004  1.3998615e+004  5.9999610e+000  4.3973418e+001  3.8579016e+002  9.0524590e+001  2.3999615e+004
  2.3999338e+004  1.3998615e+004  6.0000460e+000  4.3787063e+001  3.8579508e+002  9.0393443e+001  2.3999523e+004
  2.3999369e+004  1.3999600e+004  5.9998840e+000  4.2052251e+001  3.8560656e+002  9.0426230e+001  2.3999169e+004
  2.3999277e+004  1.3999015e+004  6.0002410e+000  3.4983817e+001  3.8591148e+002  9.3344262e+001  2.3997242e+004
  2.3998538e+004  1.3999169e+004  5.9999710e+000  4.5222854e+001  3.8580000e+002  5.7705000e-002  2.3999400e+004
  2.3998538e+004  1.3999154e+004  5.9999880e+000  4.0266305e+001  3.8579344e+002  9.6032787e+001  2.3998723e+004
  2.3999877e+004  1.3999631e+004  6.0000480e+000  3.4292326e+001  3.8566721e+002  9.6196721e+001  2.3999923e+004
  2.3998415e+004  1.3999554e+004  5.9999480e+000  3.9970745e+001  3.8584426e+002  9.0426230e+001  2.3999062e+004
  2.3998985e+004  1.3999831e+004  5.9999830e+000  4.0180431e+001  3.8576721e+002  9.6032787e+001  2.3998697e+004
  2.3998585e+004  1.3995569e+004  5.9999860e+000  4.2699503e+001  3.8577213e+002  9.0360656e+001  2.3998031e+004
  2.3998508e+004  1.3999508e+004  5.9999740e+000  4.0929618e+001  3.8578361e+002  9.0508197e+001  2.3998354e+004
  2.3999415e+004  1.3999031e+004  5.9999910e+000  4.3062618e+001  3.8601475e+002  9.0393443e+001  2.3999538e+004
  2.4000354e+004  1.4000769e+004  6.0000050e+000  4.0569175e+001  3.8583934e+002  9.0409836e+001  2.4000000e+004
  2.3997677e+004  1.3998585e+004  5.9998810e+000  3.4914448e+001  3.8594590e+002  9.3278689e+001  2.3997292e+004
  2.3999462e+004  1.3997062e+004  5.9998630e+000  4.1813889e+001  3.8568525e+002  9.0540984e+001  2.3999538e+004
  2.3998846e+004  1.3996892e+004  6.0000600e+000  4.0375025e+001  3.8580984e+002  9.8967213e+001  2.3998954e+004
  2.3999200e+004  1.3999200e+004  5.9999800e+000  4.0352718e+001  3.8588361e+002  9.3245902e+001  2.3999523e+004
  2.3998924e+004  1.3999667e+004  5.9999440e+000  3.4103700e+001  3.8586290e+002  9.6145161e+001  2.3999369e+004
  2.3999338e+004  1.3999569e+004  6.0000030e+000  3.9884358e+001  3.8581475e+002  9.6180328e+001  2.3999723e+004
  2.3998662e+004  1.3998662e+004  5.9998980e+000  4.2409620e+001  3.8590656e+002  9.0377049e+001  2.3999138e+004
  2.3999492e+004  1.3996985e+004  5.9998430e+000  4.1769734e+001  3.8576721e+002  9.0426230e+001  2.3999554e+004
