36.7088000000000
45.3331000000000
34.3300000000000
34.4018000000000
31.5713000000000
31.3942000000000
33.6024000000000
32.8624000000000
34.6982000000000
36.0977000000000
35.6065000000000
36.1694000000000
36.3012000000000
35.8759000000000
33.5718000000000
33.8047000000000
35.0918000000000
33.9324000000000
36.5735000000000
36.4165000000000
38.3718000000000
36.9229000000000
34.7094000000000
36.7241000000000
35.7694000000000
36.4706000000000
35.4506000000000
39.0041000000000
37.8353000000000
37.9906000000000
