37.617059
37.700588
37.761765
37.770588
37.712941
37.677647
37.640588
37.565294
37.661765
37.628235
37.71
37.618235
37.630588
37.748235
37.734706
37.621176
37.577647
37.577059
37.559412
37.601765
37.717647
37.902941
37.81
37.708824
37.548824
37.571765
37.750588
37.690588
37.756471
37.664118
37.815294
37.668235
37.849412
37.681765
37.737647
37.812941
37.801176
37.919412
37.902353
37.793529
37.821765
36.788235
37.704706
37.689412
37.732941
37.791765
37.840588
37.674706
37.767059
37.772353
37.791176
37.660588
37.847059
37.804118
37.743529
37.74
37.809412
37.712353
37.853529
37.798824
37.653529
37.622941
37.808235
37.839412
37.816471
37.829412
37.736471
37.728824
37.945294
37.880588
37.896471
37.883529
37.767647
37.792353
37.888824
37.814706
37.68
37.640588
37.695294
37.628235
37.622941
37.762941
37.765294
37.817647
37.875294
37.638824
37.63
37.777059
37.874118
37.713529
37.818824
37.642941
37.681765
37.814706
37.89
37.922353
38.031176
37.781765
37.732353
37.83
37.815882
37.971176
37.722353
37.768824
37.797647
37.934706
37.652353
37.692353
37.863529
37.775294
37.829412
37.765882
37.895882
38.001176
37.711765
37.802353
37.883529
36.339412
37.997647
37.72
37.735294
37.031765
36.066471
37.893529
37.882353
37.753529
37.782353
37.791176
37.775294
37.840588
37.739412
37.829412
37.802353
37.922941
37.750588
37.767647
37.770588
37.797647
37.957059
37.932941
37.788235
37.793529
37.897647
37.978235
38.062353
37.92
37.78
37.875882
37.820588
38.021176
37.782353
38.484118
38.469412
38.547059
38.594118
38.739412
38.777059
38.53
38.649412
38.654706
38.609412
38.432353
38.385882
38.562353
38.614706
38.692353
38.869412
38.776471
38.744118
38.589412
38.414118
38.544706
38.606471
38.677059
38.568235
38.444118
38.684706
38.691765
38.621176
38.379412
38.690588
38.565882
38.492941
38.441765
38.542353
38.754118
38.594118
38.637059
38.562941
38.615294
38.537647
38.497059
38.442353
38.588235
38.669412
38.641765
38.307059
38.648824
38.391176
37.725882
37.837647
37.678235
37.697059
37.754706
37.914118
38.025882
38.074706
38.190588
37.881765
37.897647
37.999412
38.031765
37.91
38.035882
38.098235
38.167059
38.055882
38.153529
38.047647
38.027059
38.236471
38.262353
38.176471
38.198824
38.327647
38.417647
38.045882
38.411765
38.506471
38.307059
38.774118
38.790588
38.502353
38.503529
38.697059
38.89
38.771176
38.911765
38.812353
38.703529
38.678235
38.791765
38.823529
38.775882
38.898235
39.028824
38.957059
38.677647
38.975882
39.061176
38.909412
39.09
38.795882
38.887059
38.908824
38.970588
39.234118
38.929412
39.098824
39.238824
39.220588
39.328824
39.002353
39.169412
39.214706
39.177059
39.313529
39.374118
39.332353
39.347059
39.215882
39.154118
39.517647
39.482353
39.402353
39.065882
39.330588
39.319412
39.272941
39.385294
39.2
39.417647
39.470588
39.762353
39.655882
39.667059
39.622353
39.894706
39.844706
40.197059
40.099412
40.417647
40.422941
39.795882
39.837059
39.996471
39.881176
39.97
40.068824
40.087647
40.275294
40.271176
40.396471
40.323529
40.063529
40.228235
40.535294
40.305294
40.280588
40.372941
40.445882
40.896471
40.881176
40.789412
40.741765
40.691176
41.037647
40.723529
40.947059
41.247059
41.308235
41.503529
36.702353
41.294118
41.315294
41.027059
41.265882
41.500588
41.872353
41.267059
41.551765
41.264706
41.338235
41.263529
41.5
41.450588
41.166471
41.690588
41.228824
41.401176
41.541176
41.543529
41.329412
41.527647
41.694706
41.691176
41.539412
42.095882
42.09
42.146471
42.35
41.662941
41.582941
41.971765
41.550588
41.190588
41.717059
41.247059
41.181176
41.593529
41.724706
41.608824
41.688235
41.798235
41.501765
41.918824
41.961176
41.912941
43.235882
42.507059
42.862353
42.972353
43.043529
43.098235
42.497647
42.482941
42.519412
42.519412
42.458824
42.734706
42.577647
42.191176
42.430588
42.218824
42.267059
42.265294
42.432353
42.644706
42.773529
42.858824
42.447059
42.484118
42.335294
42.758235
42.729412
42.849412
42.316471
42.390588
42.376471
42.453529
42.867647
42.517647
42.964118
42.7
42.301765
42.757059
42.996471
43.06
42.691765
42.981176
42.730588
42.738824
42.573529
42.681176
42.775294
42.858824
43.077059
43.101176
43.442353
43.257059
43.428235
43.546471
43.756471
43.728824
43.481765
43.571765
43.556471
43.374706
43.218235
43.886471
43.761176
44.31
44.167647
44.118235
43.865882
44.171765
44.47
45.324706
48.144706
48.420588
48.614118
48.244706
47.299412
47.594706
47.563529
47.360588
48.137647
47.7
47.612353
47.189412
47.532941
48.262941
48.666471
48.110588
47.692941
47.824118
47.273529
47.602941
48.046471
47.975294
48.270588
48.849412
49.004118
48.937059
48.538824
47.504118
47.698824
48.468824
47.868235
48.255294
48.817059
49.030588
49.101765
48.140588
48.823529
48.633529
47.826471
48.755882
48.611176
47.979412
48.643529
48.776471
48.981765
49.998235
50.840588
49.501765
51.065882
50.660588
49.887059
50.216471
49.397059
50.589412
49.949412
50.462353
50.061765
50.97
50.249412
51.617647
50.907059
51.548824
50.713529
51.247647
51.325882
51.488824
51.652941
51.412353
51.42
51.353529
51.690588
50.771176
51.615882
52.009412
51.565294
52.483529
51.078824
52.264118
52.551765
52.394706
52.507059
52.705294
53.436471
53.647059
54.236471
53.872941
53.884706
52.724118
52.925294
53.561765
54.222941
54.685294
55.445294
54.015882
53.406471
53.377059
53.858824
54.151765
54.749412
54.081765
54.092353
53.570588
54.698235
54.33
54.671765
55.667647
55.855294
54.082353
54.378824
55.468824
55.441765
55.23
55.708235
55.387647
55.78
56.721176
56.924706
58.108824
57.395882
56.185882
55.954706
55.127647
56.192941
57.778824
57.985882
57.124118
57.978235
55.077059
57.841765
58.816471
60.754706
59.634706
58.377059
58.895882
60.321765
58.902353
59.315882
59.241765
61.918824
62.841176
60.496471
61.235882
62.444118
62.73
61.514706
61.631765
62.774118
63.678824
64.037647
65.606471
72.005882
