  2.3999692e+004
  2.3999831e+004
  2.3999385e+004
  2.3999062e+004
  2.3999462e+004
  2.3999246e+004
  2.3999200e+004
  2.3999046e+004
  2.3999662e+004
  2.3999754e+004
  2.3999338e+004
  2.3999369e+004
  2.3999277e+004
  2.3998538e+004
  2.3998538e+004
  2.3999877e+004
  2.3998415e+004
  2.3998985e+004
  2.3998585e+004
  2.3998508e+004
  2.3999415e+004
  2.4000354e+004
  2.3997677e+004
  2.3999462e+004
  2.3998846e+004
  2.3999200e+004
  2.3998924e+004
  2.3999338e+004
  2.3998662e+004
  2.3999492e+004
