  2.4000831e+004
  2.3999379e+004
  2.4000708e+004
  2.3998954e+004
  2.3998738e+004
  2.4000000e+004
  2.3999015e+004
  2.3999769e+004
  2.4000431e+004
  2.3998354e+004
  2.3999046e+004
  2.4000015e+004
  2.3999477e+004
  2.3999554e+004
  2.3998523e+004
  2.3999985e+004
  2.3998492e+004
  2.3999169e+004
  2.3999862e+004
  2.3999662e+004
  2.3998954e+004
  2.3998646e+004
  2.3999492e+004
  2.3999400e+004
  2.3999846e+004
  2.3998538e+004
  2.3998877e+004
  2.3999446e+004
  2.3998908e+004
  2.3999138e+004
  2.3998969e+004
  2.4000385e+004
  2.3999246e+004
  2.3999277e+004
  2.3999154e+004
  2.3999015e+004
  2.3998969e+004
  2.3999262e+004
  2.3998415e+004
  2.3997846e+004
  2.3999815e+004
  2.3998062e+004
  2.3999769e+004
  2.4000154e+004
  2.3997908e+004
  2.3999677e+004
  2.3999462e+004
  2.3997215e+004
  2.3999908e+004
  2.4000185e+004
  2.3999292e+004
  2.3998831e+004
  2.3999215e+004
  2.3999062e+004
  2.3999046e+004
  2.3999200e+004
  2.3998354e+004
  2.3999231e+004
  2.3999769e+004
  2.3999385e+004
  2.3998569e+004
  2.3999369e+004
  2.3997985e+004
  2.3999879e+004
  2.3997692e+004
  2.4000723e+004
  2.3999123e+004
  2.3999938e+004
  2.3998538e+004
  2.3999400e+004
  2.3997600e+004
  2.3998862e+004
  2.3999246e+004
  2.3998354e+004
  2.3999708e+004
  2.3998662e+004
  2.3999231e+004
  2.4000231e+004
  2.4000262e+004
  2.3998692e+004
  2.3999492e+004
  2.3999439e+004
  2.3998985e+004
  2.3999415e+004
  2.3999892e+004
  2.3997938e+004
  2.3999400e+004
  2.3999969e+004
  2.3999400e+004
  2.3998877e+004
  2.3999354e+004
  2.4000277e+004
  2.3998308e+004
  2.3998769e+004
  2.3999046e+004
  2.3999046e+004
  2.3999754e+004
  2.3999169e+004
  2.3999754e+004
  2.3999015e+004
  2.3999200e+004
  2.3999892e+004
  2.3999308e+004
  2.3997338e+004
  2.3999446e+004
  2.3999554e+004
  2.3999167e+004
  2.3999862e+004
  2.3999400e+004
  2.3999646e+004
