  2.6154967e+003
  2.6205789e+003
  2.6455955e+003
  2.6166955e+003
  2.6200867e+003
  2.6347767e+003
  2.6374344e+003
  2.6277711e+003
  2.6322889e+003
  2.6362867e+003
  2.6307333e+003
  2.6147933e+003
  2.6081311e+003
  2.6227269e+003
  2.6386689e+003
  2.6113177e+003
  2.6354033e+003
  2.6274511e+003
  2.6147918e+003
  2.6413056e+003
  2.6102100e+003
  2.6301956e+003
  2.6115567e+003
  2.5979763e+003
  2.6383933e+003
  2.6251134e+003
  2.6116678e+003
  2.6281311e+003
  2.6009512e+003
  2.6059430e+003
