  2.6160161e+003
  2.6101263e+003
  2.5805489e+003
  2.6077643e+003
  2.5919830e+003
  2.6176289e+003
  2.6152517e+003
  2.6095967e+003
  2.6148944e+003
  2.5984833e+003
  2.6118989e+003
  2.6154633e+003
  2.6049007e+003
  2.6086066e+003
  2.6192322e+003
  2.6126266e+003
  2.6077089e+003
  2.6120989e+003
  2.6262333e+003
  2.5944800e+003
  2.6219333e+003
  2.5920187e+003
  2.5930989e+003
  2.5814400e+003
  2.6122256e+003
  2.6150856e+003
  2.5969167e+003
  2.6083555e+003
  2.6007867e+003
  2.5873029e+003
  2.5797237e+003
  2.5776113e+003
  2.6316478e+003
  2.6122400e+003
  2.5815399e+003
  2.6038709e+003
  2.5992122e+003
  2.6320367e+003
  2.6286767e+003
  2.6033553e+003
  2.6141077e+003
  2.5901093e+003
  2.5797028e+003
  2.6030190e+003
  2.5858811e+003
  2.6074666e+003
  2.5985367e+003
  2.5867382e+003
  2.6122423e+003
  2.5645674e+003
  2.5881022e+003
  2.6022922e+003
  2.5997567e+003
  2.5964700e+003
  2.5853300e+003
  2.5935989e+003
  2.6118144e+003
  2.6153689e+003
  2.6164044e+003
  2.5771761e+003
  2.6028464e+003
  2.6083003e+003
  2.6285302e+003
  2.5938061e+003
  2.5986489e+003
  2.5951714e+003
  2.6071112e+003
  2.5914709e+003
  2.5796862e+003
  2.6091134e+003
  2.5842789e+003
  2.6109823e+003
  2.6020202e+003
  2.5949268e+003
  2.6195999e+003
  2.5956122e+003
  2.6065623e+003
  2.6233302e+003
  2.6248279e+003
  2.6103148e+003
  2.6169503e+003
  2.6037761e+003
  2.6256228e+003
  2.6219353e+003
  2.6210169e+003
  2.6237333e+003
  2.6271621e+003
  2.6292862e+003
  2.6069359e+003
  2.6105387e+003
  2.6117811e+003
  2.6158431e+003
  2.6244208e+003
  2.6050804e+003
  2.6274982e+003
  2.6152960e+003
  2.6225263e+003
  2.6104390e+003
  2.6015924e+003
  2.6105594e+003
  2.6247513e+003
  2.6032176e+003
  2.6029059e+003
  2.5960692e+003
  2.5891986e+003
  2.5952571e+003
  2.5999878e+003
  2.6045722e+003
  2.6063559e+003
  2.5926162e+003
