  2.3999692e+004  1.3999477e+004
  2.3999831e+004  1.3999508e+004
  2.3999385e+004  1.4001477e+004
  2.3999062e+004  1.3999600e+004
  2.3999462e+004  1.4000077e+004
  2.3999246e+004  1.3999477e+004
  2.3999200e+004  1.3996938e+004
  2.3999046e+004  1.3999538e+004
  2.3999662e+004  1.3998585e+004
  2.3999754e+004  1.3998615e+004
  2.3999338e+004  1.3998615e+004
  2.3999369e+004  1.3999600e+004
  2.3999277e+004  1.3999015e+004
  2.3998538e+004  1.3999169e+004
  2.3998538e+004  1.3999154e+004
  2.3999877e+004  1.3999631e+004
  2.3998415e+004  1.3999554e+004
  2.3998985e+004  1.3999831e+004
  2.3998585e+004  1.3995569e+004
  2.3998508e+004  1.3999508e+004
  2.3999415e+004  1.3999031e+004
  2.4000354e+004  1.4000769e+004
  2.3997677e+004  1.3998585e+004
  2.3999462e+004  1.3997062e+004
  2.3998846e+004  1.3996892e+004
  2.3999200e+004  1.3999200e+004
  2.3998924e+004  1.3999667e+004
  2.3999338e+004  1.3999569e+004
  2.3998662e+004  1.3998662e+004
  2.3999492e+004  1.3996985e+004
