  2.4000831e+004  1.3997985e+004
  2.3999379e+004  1.3996712e+004
  2.4000708e+004  1.3999431e+004
  2.3998954e+004  1.3999185e+004
  2.3998738e+004  1.3999508e+004
  2.4000000e+004  1.3999477e+004
  2.3999015e+004  1.4001031e+004
  2.3999769e+004  1.3999046e+004
  2.4000431e+004  1.3999477e+004
  2.3998354e+004  1.3998431e+004
  2.3999046e+004  1.3999508e+004
  2.4000015e+004  1.3999262e+004
  2.3999477e+004  1.3999600e+004
  2.3999554e+004  1.3999662e+004
  2.3998523e+004  1.3999092e+004
  2.3999985e+004  1.3999354e+004
  2.3998492e+004  1.3999523e+004
  2.3999169e+004  1.3999569e+004
  2.3999862e+004  1.3999877e+004
  2.3999662e+004  1.3995877e+004
  2.3998954e+004  1.4000154e+004
  2.3998646e+004  1.3996415e+004
  2.3999492e+004  1.3995862e+004
  2.3999400e+004  1.3996154e+004
  2.3999846e+004  1.4000246e+004
  2.3998538e+004  1.3998062e+004
  2.3998877e+004  1.3998938e+004
  2.3999446e+004  1.3999554e+004
  2.3998908e+004  1.3999446e+004
  2.3999138e+004  1.3998862e+004
  2.3998969e+004  1.3999523e+004
  2.4000385e+004  1.3997831e+004
  2.3999246e+004  1.3998292e+004
  2.3999277e+004  1.3999031e+004
  2.3999154e+004  1.3998754e+004
  2.3999015e+004  1.3999554e+004
  2.3998969e+004  1.3999523e+004
  2.3999262e+004  1.4001908e+004
  2.3998415e+004  1.3999446e+004
  2.3997846e+004  1.3996877e+004
  2.3999815e+004  1.3999523e+004
  2.3998062e+004  1.3999477e+004
  2.3999769e+004  1.3998769e+004
  2.4000154e+004  1.3999400e+004
  2.3997908e+004  1.3997877e+004
  2.3999677e+004  1.3999631e+004
  2.3999462e+004  1.3999646e+004
  2.3997215e+004  1.3998708e+004
  2.3999908e+004  1.3999538e+004
  2.4000185e+004  1.3999154e+004
  2.3999292e+004  1.3999600e+004
  2.3998831e+004  1.3999508e+004
  2.3999215e+004  1.3999662e+004
  2.3999062e+004  1.3999523e+004
  2.3999046e+004  1.3997585e+004
  2.3999200e+004  1.3999338e+004
  2.3998354e+004  1.3999523e+004
  2.3999231e+004  1.3999508e+004
  2.3999769e+004  1.3999369e+004
  2.3999385e+004  1.3999538e+004
  2.3998569e+004  1.3997631e+004
  2.3999369e+004  1.3999062e+004
  2.3997985e+004  1.3996323e+004
  2.3999879e+004  1.3999364e+004
  2.3997692e+004  1.3997477e+004
  2.4000723e+004  1.4000292e+004
  2.3999123e+004  1.3999431e+004
  2.3999938e+004  1.3999815e+004
  2.3998538e+004  1.3999615e+004
  2.3999400e+004  1.3999431e+004
  2.3997600e+004  1.3999554e+004
  2.3998862e+004  1.3998077e+004
  2.3999246e+004  1.3999538e+004
  2.3998354e+004  1.3999508e+004
  2.3999708e+004  1.3999108e+004
  2.3998662e+004  1.3999462e+004
  2.3999231e+004  1.3999508e+004
  2.4000231e+004  1.4000508e+004
  2.4000262e+004  1.4000492e+004
  2.3998692e+004  1.3999446e+004
  2.3999492e+004  1.4000046e+004
  2.3999439e+004  1.3995909e+004
  2.3998985e+004  1.3999554e+004
  2.3999415e+004  1.3999523e+004
  2.3999892e+004  1.3998569e+004
  2.3997938e+004  1.3998492e+004
  2.3999400e+004  1.3999077e+004
  2.3999969e+004  1.3999523e+004
  2.3999400e+004  1.3999554e+004
  2.3998877e+004  1.3999538e+004
  2.3999354e+004  1.3996538e+004
  2.4000277e+004  1.3999338e+004
  2.3998308e+004  1.3994754e+004
  2.3998769e+004  1.3997277e+004
  2.3999046e+004  1.3999615e+004
  2.3999046e+004  1.3999508e+004
  2.3999754e+004  1.3998708e+004
  2.3999169e+004  1.3999415e+004
  2.3999754e+004  1.3999523e+004
  2.3999015e+004  1.3999446e+004
  2.3999200e+004  1.3999477e+004
  2.3999892e+004  1.4001246e+004
  2.3999308e+004  1.3999585e+004
  2.3997338e+004  1.3997985e+004
  2.3999446e+004  1.3999492e+004
  2.3999554e+004  1.3999662e+004
  2.3999167e+004  1.3999485e+004
  2.3999862e+004  1.4001662e+004
  2.3999400e+004  1.3999492e+004
  2.3999646e+004  1.3999446e+004
