  2.4000831e+004  1.3997985e+004  5.9997030e+000  4.4583951e+001  3.8583279e+002  9.5928033e+001  2.3998169e+004  1.3997615e+004  5.9998290e+000  4.4573511e+001  3.8602769e+002  9.5925846e+001  3.2810000e+000  1.0910000e+000  2.0010000e+003
  2.3999379e+004  1.3996712e+004  6.0000210e+000  4.1599773e+001  3.8575968e+002  9.0516129e+001  2.3999477e+004  1.3996354e+004  5.9999200e+000  4.1664849e+001  3.8561077e+002  9.0000000e+001  3.2690000e+000  1.2010000e+000  2.0010000e+003
  2.4000708e+004  1.3999431e+004  5.9999920e+000  4.1280923e+001  3.8579836e+002  8.4737705e+001  2.3998846e+004  1.3999477e+004  5.9999110e+000  4.1334175e+001  3.8522923e+002  8.3984615e+001  3.2610000e+000  1.2900000e+000  2.0000000e+003
  2.3998954e+004  1.3999185e+004  6.0001490e+000  4.5266649e+001  3.8584918e+002  4.9836000e-002  2.3997708e+004  1.3999015e+004  5.9999890e+000  4.5238320e+001  3.8558461e+002  4.5846000e-002  3.2750000e+000  9.8300000e-001  2.0030000e+003
  2.3998738e+004  1.3999508e+004  6.0001230e+000  4.2738923e+001  3.8558853e+002  9.0377049e+001  2.3998738e+004  1.3999615e+004  6.0000440e+000  4.2777706e+001  3.8593231e+002  8.9984615e+001  3.2690000e+000  1.1540000e+000  2.0010000e+003
  2.4000000e+004  1.3999477e+004  5.9999640e+000  4.0261140e+001  3.8578361e+002  9.3344262e+001  2.3999415e+004  1.3999492e+004  6.0000550e+000  4.0304091e+001  3.8516000e+002  9.2907692e+001  3.2660000e+000  1.2690000e+000  2.0000000e+003
  2.3999015e+004  1.4001031e+004  5.9999180e+000  4.0647808e+001  3.8584262e+002  9.8983607e+001  2.3999015e+004  1.4000938e+004  5.9999010e+000  4.0616668e+001  3.8561077e+002  9.8892308e+001  3.2790000e+000  1.0690000e+000  2.0000000e+003
  2.3999769e+004  1.3999046e+004  5.9998970e+000  4.3091446e+001  3.8584426e+002  9.3377049e+001  2.3999400e+004  1.3999077e+004  6.0000050e+000  4.3162948e+001  3.8556154e+002  9.2984615e+001  3.2720000e+000  7.9800000e-001  2.0060000e+003
  2.4000431e+004  1.3999477e+004  6.0001110e+000  4.1490388e+001  3.8577705e+002  8.4819672e+001  2.4000662e+004  1.3999462e+004  5.9999250e+000  4.1524920e+001  3.8514769e+002  8.3969231e+001  3.2690000e+000  1.2520000e+000  2.0010000e+003
  2.3998354e+004  1.3998431e+004  6.0001320e+000  4.2408858e+001  3.8585082e+002  9.0459016e+001  2.3998138e+004  1.3998246e+004  5.9998940e+000  4.2455991e+001  3.8594462e+002  9.0030769e+001  3.2730000e+000  1.3090000e+000  2.0010000e+003
  2.3999046e+004  1.3999508e+004  5.9999950e+000  4.2695045e+001  3.8577213e+002  9.0393443e+001  2.3998969e+004  1.3999462e+004  6.0000060e+000  4.2747840e+001  3.8528769e+002  8.9953846e+001  3.2680000e+000  1.3400000e+000  2.0000000e+003
  2.4000015e+004  1.3999262e+004  5.9999580e+000  4.2897711e+001  3.8591475e+002  9.3278689e+001  2.3999646e+004  1.3999354e+004  5.9999950e+000  4.2910186e+001  3.8535231e+002  9.3000000e+001  3.2730000e+000  1.2470000e+000  2.0060000e+003
  2.3999477e+004  1.3999600e+004  6.0002280e+000  4.1479782e+001  3.8580820e+002  8.4688525e+001  2.4000323e+004  1.3999585e+004  5.9998680e+000  4.1506311e+001  3.8516308e+002  8.4000000e+001  3.2820000e+000  1.2870000e+000  2.0020000e+003
  2.3999554e+004  1.3999662e+004  5.9998410e+000  4.2503552e+001  3.8578525e+002  9.0426230e+001  2.3999415e+004  1.3999600e+004  5.9999310e+000  4.2563285e+001  3.8526000e+002  8.9984615e+001  3.2720000e+000  1.2190000e+000  2.0010000e+003
  2.3998523e+004  1.3999092e+004  6.0000890e+000  3.4988525e+001  3.8585902e+002  9.0327869e+001  2.3998108e+004  1.3998754e+004  6.0000600e+000  3.5046042e+001  3.8609539e+002  8.9938462e+001  3.2690000e+000  1.2760000e+000  2.0000000e+003
  2.3999985e+004  1.3999354e+004  5.9999830e+000  4.0139460e+001  3.8581475e+002  9.3311475e+001  2.3998938e+004  1.3999354e+004  5.9999710e+000  4.0189805e+001  3.8529692e+002  9.3030769e+001  3.2750000e+000  1.1430000e+000  2.0060000e+003
  2.3998492e+004  1.3999523e+004  6.0000650e+000  4.0442206e+001  3.8586066e+002  9.0409836e+001  2.3999046e+004  1.3999723e+004  6.0001540e+000  4.0489338e+001  3.8620615e+002  9.0000000e+001  3.2730000e+000  1.1470000e+000  2.0010000e+003
  2.3999169e+004  1.3999569e+004  6.0000320e+000  4.2612812e+001  3.8581475e+002  9.0475410e+001  2.3998523e+004  1.3999538e+004  5.9999510e+000  4.2669651e+001  3.8579692e+002  8.9984615e+001  3.2660000e+000  1.1430000e+000  2.0010000e+003
  2.3999862e+004  1.3999877e+004  5.9999920e+000  3.4031174e+001  3.8581967e+002  9.8065574e+001  2.4000015e+004  1.3999615e+004  6.0000460e+000  3.4070192e+001  3.8527846e+002  9.7969231e+001  3.2720000e+000  1.4040000e+000  2.0050000e+003
  2.3999662e+004  1.3995877e+004  6.0000260e+000  4.1614435e+001  3.8575082e+002  9.0475410e+001  2.3999554e+004  1.3996323e+004  6.0000210e+000  4.1664766e+001  3.8551538e+002  8.9984615e+001  3.2660000e+000  8.2600000e-001  2.0030000e+003
  2.3998954e+004  1.4000154e+004  6.0000430e+000  4.0409695e+001  3.8578033e+002  9.0426230e+001  2.4000215e+004  1.4000785e+004  5.9999460e+000  4.0444962e+001  3.8519385e+002  8.9984615e+001  3.2680000e+000  1.3470000e+000  2.0050000e+003
  2.3998646e+004  1.3996415e+004  5.9999970e+000  4.4391060e+001  3.8577377e+002  9.5960820e+001  2.3999200e+004  1.3996231e+004  6.0000430e+000  4.4463282e+001  3.8591692e+002  9.5955846e+001  3.2690000e+000  8.0000000e-001  2.0030000e+003
  2.3999492e+004  1.3995862e+004  6.0001180e+000  4.1496466e+001  3.8579344e+002  9.0508197e+001  2.3999525e+004  1.3996305e+004  6.0002220e+000  4.1555029e+001  3.8602542e+002  8.9932203e+001  3.2660000e+000  9.8100000e-001  2.0000000e+003
  2.3999400e+004  1.3996154e+004  5.9998810e+000  4.1531511e+001  3.8582295e+002  9.0344262e+001  2.3999431e+004  1.3996385e+004  6.0000090e+000  4.1582645e+001  3.8600000e+002  8.9969231e+001  3.2750000e+000  1.2010000e+000  2.0020000e+003
  2.3999846e+004  1.4000246e+004  6.0001910e+000  4.0308189e+001  3.8583607e+002  9.0491803e+001  2.4000754e+004  1.3999815e+004  5.9999280e+000  4.0340769e+001  3.8557231e+002  9.0000000e+001  3.2640000e+000  1.1450000e+000  2.0020000e+003
  2.3998538e+004  1.3998062e+004  6.0000550e+000  4.2406297e+001  3.8594918e+002  9.0442623e+001  2.3998000e+004  1.3998538e+004  6.0001780e+000  4.2456212e+001  3.8548154e+002  9.0000000e+001  3.2690000e+000  9.1700000e-001  2.0060000e+003
  2.3998877e+004  1.3998938e+004  5.9998800e+000  4.0134586e+001  3.8588361e+002  9.0409836e+001  2.3999231e+004  1.3998954e+004  6.0000800e+000  4.0186080e+001  3.8617846e+002  9.0015385e+001  3.2770000e+000  1.1200000e+000  2.0000000e+003
  2.3999446e+004  1.3999554e+004  6.0000740e+000  4.1911823e+001  3.8576229e+002  8.3688525e+001  2.3998985e+004  1.3999477e+004  6.0000290e+000  4.1956892e+001  3.8516000e+002  8.2984615e+001  3.2690000e+000  1.1050000e+000  2.0010000e+003
  2.3998908e+004  1.3999446e+004  5.9999570e+000  4.1709808e+001  3.8577049e+002  8.3737705e+001  2.3999723e+004  1.3999523e+004  6.0000860e+000  4.1765165e+001  3.8515385e+002  8.2984615e+001  3.2730000e+000  1.1980000e+000  2.0010000e+003
  2.3999138e+004  1.3998862e+004  5.9998410e+000  3.5115314e+001  3.8593770e+002  9.0426230e+001  2.3997631e+004  1.3999400e+004  5.9999690e+000  3.5157932e+001  3.8646461e+002  8.9984615e+001  3.2730000e+000  1.0060000e+000  2.0050000e+003
  2.3998969e+004  1.3999523e+004  6.0000490e+000  4.2388311e+001  3.8586721e+002  9.0442623e+001  2.3999538e+004  1.3999523e+004  6.0000580e+000  4.2451685e+001  3.8626154e+002  9.0046154e+001  3.2730000e+000  1.3560000e+000  2.0030000e+003
  2.4000385e+004  1.3997831e+004  6.0000120e+000  4.4373060e+001  3.8578688e+002  9.8899344e+001  2.3999538e+004  1.3998169e+004  6.0000410e+000  4.4422075e+001  3.8607538e+002  9.8900923e+001  3.2770000e+000  1.0650000e+000  2.0030000e+003
  2.3999246e+004  1.3998292e+004  5.9997750e+000  4.2311506e+001  3.8595738e+002  9.0426230e+001  2.3998908e+004  1.3997615e+004  6.0001030e+000  4.2381097e+001  3.8592769e+002  8.9923077e+001  3.2690000e+000  1.3600000e+000  2.0150000e+003
  2.3999277e+004  1.3999031e+004  5.9999210e+000  4.2214888e+001  3.8592787e+002  9.0344262e+001  2.3998215e+004  1.3998508e+004  6.0002660e+000  4.2262698e+001  3.8595385e+002  8.9876923e+001  3.2660000e+000  1.0980000e+000  2.0000000e+003
  2.3999154e+004  1.3998754e+004  5.9999650e+000  4.0467655e+001  3.8567213e+002  9.0524590e+001  2.3998862e+004  1.3999800e+004  5.9998710e+000  4.0423694e+001  3.8568000e+002  8.9923077e+001  3.2720000e+000  1.1860000e+000  2.0020000e+003
  2.3999015e+004  1.3999554e+004  6.0000950e+000  4.0339011e+001  3.8586066e+002  9.0540984e+001  2.3998646e+004  1.3999477e+004  6.0000340e+000  4.0406774e+001  3.8609846e+002  9.0015385e+001  3.2640000e+000  1.0940000e+000  2.0150000e+003
  2.3998969e+004  1.3999523e+004  6.0001570e+000  4.8052177e+001  3.8574590e+002  5.2787000e-002  2.3997523e+004  1.3999492e+004  6.0000800e+000  4.8064057e+001  3.8548769e+002  5.7692000e-002  3.2630000e+000  1.0550000e+000  2.0020000e+003
  2.3999262e+004  1.4001908e+004  5.9999940e+000  4.0199497e+001  3.8585410e+002  9.6131148e+001  2.3998415e+004  1.4002138e+004  5.9999720e+000  4.0217040e+001  3.8516769e+002  9.5969231e+001  3.2690000e+000  1.1030000e+000  2.0000000e+003
  2.3998415e+004  1.3999446e+004  6.0001460e+000  4.1651640e+001  3.8580492e+002  9.0475410e+001  2.3999092e+004  1.3999385e+004  6.0000280e+000  4.1677366e+001  3.8525231e+002  8.9938462e+001  3.2680000e+000  1.0220000e+000  2.0100000e+003
  2.3997846e+004  1.3996877e+004  6.0000120e+000  4.4100263e+001  3.8574098e+002  8.9914426e+001  2.3998585e+004  1.3996754e+004  6.0001200e+000  4.4144862e+001  3.8531385e+002  8.9911846e+001  3.2730000e+000  1.2670000e+000  2.0010000e+003
  2.3999815e+004  1.3999523e+004  6.0000600e+000  4.2069198e+001  3.8579180e+002  8.3918033e+001  2.3999292e+004  1.3999477e+004  5.9999310e+000  4.2024365e+001  3.8518308e+002  8.2984615e+001  3.2630000e+000  1.3920000e+000  2.0110000e+003
  2.3998062e+004  1.3999477e+004  5.9999350e+000  4.7867248e+001  3.8560492e+002  5.3607000e-002  2.3997954e+004  1.3999431e+004  6.0001520e+000  4.7920292e+001  3.8544000e+002  5.5846000e-002  3.2720000e+000  1.3190000e+000  2.0150000e+003
  2.3999769e+004  1.3998769e+004  5.9998770e+000  4.1603912e+001  3.8586230e+002  9.0153115e+001  2.4000446e+004  1.3999262e+004  5.9999660e+000  4.1675497e+001  3.8546923e+002  9.0149692e+001  3.2720000e+000  1.0130000e+000  2.0010000e+003
  2.4000154e+004  1.3999400e+004  5.9999610e+000  4.2897974e+001  3.8576885e+002  9.0508197e+001  2.3999215e+004  1.3999200e+004  6.0000400e+000  4.2855771e+001  3.8517846e+002  9.0030769e+001  3.2720000e+000  1.1090000e+000  2.0020000e+003
  2.3997908e+004  1.3997877e+004  6.0000970e+000  4.2081895e+001  3.8588033e+002  9.0377049e+001  2.3999000e+004  1.3997677e+004  5.9997950e+000  4.2135134e+001  3.8578308e+002  9.0015385e+001  3.2690000e+000  1.5030000e+000  2.0090000e+003
  2.3999677e+004  1.3999631e+004  5.9999240e+000  4.0076238e+001  3.8580492e+002  9.3311475e+001  2.3999385e+004  1.3999677e+004  5.9999570e+000  4.0116365e+001  3.8515539e+002  9.3015385e+001  3.2590000e+000  1.0960000e+000  2.0010000e+003
  2.3999462e+004  1.3999646e+004  5.9999810e+000  3.4117422e+001  3.8574918e+002  9.0426230e+001  2.3999492e+004  1.3999754e+004  6.0001430e+000  3.4147551e+001  3.8516000e+002  8.9907692e+001  3.2610000e+000  1.2570000e+000  2.0160000e+003
  2.3997215e+004  1.3998708e+004  6.0000570e+000  4.3764078e+001  3.8589836e+002  9.0475410e+001  2.3996862e+004  1.3998877e+004  6.0002650e+000  4.3822980e+001  3.8608000e+002  8.9969231e+001  3.2660000e+000  1.2450000e+000  2.0010000e+003
  2.3999908e+004  1.3999538e+004  6.0000510e+000  4.2565278e+001  3.8586885e+002  9.3360656e+001  2.3999538e+004  1.3999708e+004  6.0000230e+000  4.2569502e+001  3.8532154e+002  9.2953846e+001  3.2630000e+000  1.0200000e+000  2.0010000e+003
  2.4000185e+004  1.3999154e+004  6.0000090e+000  4.1613563e+001  3.8585246e+002  9.0149016e+001  2.3998954e+004  1.3999569e+004  6.0001880e+000  4.1672922e+001  3.8555539e+002  9.0148923e+001  3.2640000e+000  9.7700000e-001  2.0020000e+003
  2.3999292e+004  1.3999600e+004  5.9999810e+000  4.1747040e+001  3.8578688e+002  9.0360656e+001  2.3998785e+004  1.3999538e+004  6.0000320e+000  4.1785214e+001  3.8533077e+002  8.9969231e+001  3.2680000e+000  1.1800000e+000  2.0010000e+003
  2.3998831e+004  1.3999508e+004  5.9999680e+000  4.2927120e+001  3.8566557e+002  9.0459016e+001  2.3999385e+004  1.3999523e+004  6.0000520e+000  4.2944566e+001  3.8546308e+002  9.0000000e+001  3.2690000e+000  1.0610000e+000  2.0010000e+003
  2.3999215e+004  1.3999662e+004  5.9999810e+000  4.2916265e+001  3.8560164e+002  9.0459016e+001  2.3999138e+004  1.3999538e+004  5.9999690e+000  4.2950132e+001  3.8544462e+002  9.0000000e+001  3.2750000e+000  8.4700000e-001  2.0010000e+003
  2.3999062e+004  1.3999523e+004  5.9999950e+000  4.2651651e+001  3.8579180e+002  9.0491803e+001  2.3998815e+004  1.3999662e+004  6.0000080e+000  4.2705817e+001  3.8543231e+002  9.0000000e+001  3.2720000e+000  1.3190000e+000  2.0090000e+003
  2.3999046e+004  1.3997585e+004  5.9998800e+000  4.4008906e+001  3.8579836e+002  8.9914262e+001  2.3999154e+004  1.3997354e+004  6.0000350e+000  4.4054280e+001  3.8601538e+002  8.9917692e+001  3.2720000e+000  1.2460000e+000  2.0020000e+003
  2.3999200e+004  1.3999338e+004  6.0000000e+000  4.7480303e+001  3.8577213e+002  5.8197000e-002  2.3997470e+004  1.3999500e+004  6.0001030e+000  4.7628423e+001  3.8577879e+002  5.4091000e-002  3.2660000e+000  8.7800000e-001  2.0010000e+003
  2.3998354e+004  1.3999523e+004  5.9999860e+000  4.0530005e+001  3.8582623e+002  9.0393443e+001  2.3998415e+004  1.3999569e+004  5.9999140e+000  4.0593420e+001  3.8553692e+002  9.0030769e+001  3.2660000e+000  1.1800000e+000  2.0010000e+003
  2.3999231e+004  1.3999508e+004  5.9999630e+000  3.4056997e+001  3.8578197e+002  9.0426230e+001  2.4000185e+004  1.3999508e+004  5.9999720e+000  3.4088940e+001  3.8515539e+002  9.0000000e+001  3.2720000e+000  1.2730000e+000  2.0010000e+003
  2.3999769e+004  1.3999369e+004  6.0000710e+000  4.2510240e+001  3.8593279e+002  9.3311475e+001  2.4000046e+004  1.3999138e+004  6.0000310e+000  4.2549798e+001  3.8594154e+002  9.3000000e+001  3.2610000e+000  8.1800000e-001  2.0140000e+003
  2.3999385e+004  1.3999538e+004  6.0000230e+000  4.1547531e+001  3.8585410e+002  9.0573770e+001  2.3999631e+004  1.3999508e+004  5.9999480e+000  4.1598111e+001  3.8590000e+002  8.9923077e+001  3.2640000e+000  9.0600000e-001  2.0030000e+003
  2.3998569e+004  1.3997631e+004  6.0001690e+000  4.2232874e+001  3.8593607e+002  9.0557377e+001  2.3998400e+004  1.3998231e+004  6.0000920e+000  4.2226117e+001  3.8532923e+002  8.9984615e+001  3.2770000e+000  1.2540000e+000  2.0140000e+003
  2.3999369e+004  1.3999062e+004  6.0000720e+000  4.2898389e+001  3.8593770e+002  9.0524590e+001  2.3999369e+004  1.3998923e+004  5.9999690e+000  4.2973754e+001  3.8655539e+002  8.9969231e+001  3.2610000e+000  1.0560000e+000  2.0020000e+003
  2.3997985e+004  1.3996323e+004  6.0000810e+000  4.2337994e+001  3.8582459e+002  9.0377049e+001  2.3998277e+004  1.3996615e+004  6.0001400e+000  4.2378743e+001  3.8576154e+002  9.0015385e+001  3.2770000e+000  1.3380000e+000  2.0120000e+003
  2.3999879e+004  1.3999364e+004  5.9999480e+000  4.0092900e+001  3.8589193e+002  9.0532258e+001  2.3999169e+004  1.3999400e+004  6.0000320e+000  4.0142368e+001  3.8608154e+002  9.0000000e+001  3.2720000e+000  9.6500000e-001  2.0120000e+003
  2.3997692e+004  1.3997477e+004  5.9998320e+000  4.2267808e+001  3.8579344e+002  9.0426230e+001  2.3997692e+004  1.3997800e+004  6.0000250e+000  4.2321669e+001  3.8571846e+002  9.0015385e+001  3.2720000e+000  1.1130000e+000  2.0000000e+003
  2.4000723e+004  1.4000292e+004  6.0000430e+000  4.0630763e+001  3.8582459e+002  9.0344262e+001  2.4000400e+004  1.4000877e+004  5.9999340e+000  4.0606422e+001  3.8527846e+002  8.9923077e+001  3.2720000e+000  1.2720000e+000  2.0010000e+003
  2.3999123e+004  1.3999431e+004  5.9998600e+000  4.0526972e+001  3.8574098e+002  8.6557377e+001  2.4000231e+004  1.3999538e+004  6.0000490e+000  4.0577898e+001  3.8515231e+002  8.6000000e+001  3.2690000e+000  1.2100000e+000  2.0020000e+003
  2.3999938e+004  1.3999815e+004  6.0000410e+000  4.2288978e+001  3.8589016e+002  9.0475410e+001  2.3999846e+004  1.3999415e+004  6.0000380e+000  4.2335197e+001  3.8553231e+002  9.0000000e+001  3.2630000e+000  9.6600000e-001  2.0010000e+003
  2.3998538e+004  1.3999615e+004  5.9997580e+000  4.8038829e+001  3.8566229e+002  5.7869000e-002  2.3998554e+004  1.3999662e+004  5.9997680e+000  4.8070758e+001  3.8541077e+002  5.4769000e-002  3.2730000e+000  1.2200000e+000  2.0020000e+003
  2.3999400e+004  1.3999431e+004  5.9999490e+000  4.0601797e+001  3.8574098e+002  8.6770492e+001  2.3999046e+004  1.3999554e+004  6.0000880e+000  4.0628271e+001  3.8515692e+002  8.6015385e+001  3.2690000e+000  1.0730000e+000  2.0020000e+003
  2.3997600e+004  1.3999554e+004  6.0000020e+000  4.7950602e+001  3.8577705e+002  5.8197000e-002  2.3999015e+004  1.3999462e+004  5.9999610e+000  4.7976688e+001  3.8540000e+002  5.3538000e-002  3.2720000e+000  1.1090000e+000  2.0130000e+003
  2.3998862e+004  1.3998077e+004  6.0001010e+000  4.3569014e+001  3.8585738e+002  9.0262295e+001  2.3998585e+004  1.3999262e+004  6.0000430e+000  4.3626628e+001  3.8565846e+002  8.9953846e+001  3.2680000e+000  1.3440000e+000  2.0020000e+003
  2.3999246e+004  1.3999538e+004  5.9999630e+000  4.1839048e+001  3.8582951e+002  9.0360656e+001  2.3999169e+004  1.3999554e+004  5.9999520e+000  4.1890375e+001  3.8514769e+002  9.0000000e+001  3.2720000e+000  1.0760000e+000  2.0010000e+003
  2.3998354e+004  1.3999508e+004  6.0000430e+000  4.0555385e+001  3.8579672e+002  9.0540984e+001  2.3998969e+004  1.3999538e+004  6.0000600e+000  4.0608346e+001  3.8524462e+002  9.0000000e+001  3.2630000e+000  1.2400000e+000  2.0020000e+003
  2.3999708e+004  1.3999108e+004  6.0000000e+000  4.2289837e+001  3.8590000e+002  9.0491803e+001  2.3999708e+004  1.3999523e+004  5.9998610e+000  4.2321074e+001  3.8552000e+002  8.9938462e+001  3.2720000e+000  1.4880000e+000  2.0160000e+003
  2.3998662e+004  1.3999462e+004  5.9999680e+000  4.1648649e+001  3.8583771e+002  9.0491803e+001  2.4000415e+004  1.3999492e+004  5.9999910e+000  4.1693968e+001  3.8578461e+002  9.0000000e+001  3.2720000e+000  9.3500000e-001  2.0020000e+003
  2.3999231e+004  1.3999508e+004  6.0001010e+000  4.2786900e+001  3.8573115e+002  9.0459016e+001  2.3998923e+004  1.3999462e+004  5.9999920e+000  4.2806589e+001  3.8556923e+002  8.9953846e+001  3.2770000e+000  8.6300000e-001  2.0000000e+003
  2.4000231e+004  1.4000508e+004  6.0000060e+000  4.0455651e+001  3.8584918e+002  9.0524590e+001  2.4000385e+004  1.4000446e+004  5.9998280e+000  4.0493022e+001  3.8518923e+002  9.0030769e+001  3.2790000e+000  1.4430000e+000  2.0010000e+003
  2.4000262e+004  1.4000492e+004  5.9999080e+000  4.0568594e+001  3.8582459e+002  9.0508197e+001  2.4000338e+004  1.4001292e+004  5.9998410e+000  4.0587882e+001  3.8521077e+002  9.0030769e+001  3.2770000e+000  1.0510000e+000  2.0010000e+003
  2.3998692e+004  1.3999446e+004  6.0000510e+000  4.1708395e+001  3.8576066e+002  9.4278689e+001  2.3999092e+004  1.3999508e+004  6.0000600e+000  4.1739480e+001  3.8515846e+002  9.3953846e+001  3.2690000e+000  9.9900000e-001  2.0020000e+003
  2.3999492e+004  1.4000046e+004  6.0000280e+000  3.4406820e+001  3.8573607e+002  9.0327869e+001  2.4000000e+004  1.3999754e+004  6.0000810e+000  3.4362512e+001  3.8516615e+002  8.9984615e+001  3.2680000e+000  1.0980000e+000  2.0010000e+003
  2.3999439e+004  1.3995909e+004  6.0000620e+000  4.1546768e+001  3.8581613e+002  9.0516129e+001  2.3999594e+004  1.3995969e+004  5.9999410e+000  4.1600081e+001  3.8584062e+002  9.0000000e+001  3.2810000e+000  1.2240000e+000  2.0020000e+003
  2.3998985e+004  1.3999554e+004  5.9999250e+000  4.1575832e+001  3.8582623e+002  9.4213115e+001  2.3998754e+004  1.3999554e+004  5.9999810e+000  4.1614892e+001  3.8564769e+002  9.4000000e+001  3.2750000e+000  1.0160000e+000  2.0160000e+003
  2.3999415e+004  1.3999523e+004  5.9999170e+000  4.0691852e+001  3.8576721e+002  8.6737705e+001  2.3999815e+004  1.3999554e+004  6.0001150e+000  4.0731646e+001  3.8518308e+002  8.6030769e+001  3.2810000e+000  1.0760000e+000  2.0010000e+003
  2.3999892e+004  1.3998569e+004  5.9999080e+000  4.3988206e+001  3.8562131e+002  9.0475410e+001  2.3999677e+004  1.3998569e+004  5.9999510e+000  4.4006358e+001  3.8519538e+002  8.9984615e+001  3.2790000e+000  9.4900000e-001  2.0010000e+003
  2.3997938e+004  1.3998492e+004  5.9997740e+000  4.3817649e+001  3.8561475e+002  9.0459016e+001  2.3997969e+004  1.3998462e+004  5.9999800e+000  4.3857637e+001  3.8590769e+002  8.9969231e+001  3.2730000e+000  1.0210000e+000  2.0010000e+003
  2.3999400e+004  1.3999077e+004  6.0000940e+000  4.2883283e+001  3.8589344e+002  9.0442623e+001  2.3999554e+004  1.3998831e+004  6.0000240e+000  4.2915572e+001  3.8559077e+002  9.0000000e+001  3.2810000e+000  1.1310000e+000  2.0020000e+003
  2.3999969e+004  1.3999523e+004  6.0001250e+000  4.0664492e+001  3.8573607e+002  8.6540984e+001  2.3999138e+004  1.3999554e+004  6.0000480e+000  4.0688695e+001  3.8514769e+002  8.5738462e+001  3.2720000e+000  9.1400000e-001  2.0010000e+003
  2.3999400e+004  1.3999554e+004  5.9998060e+000  4.1677615e+001  3.8578852e+002  9.6180328e+001  2.3999123e+004  1.3999600e+004  6.0000480e+000  4.1708963e+001  3.8522769e+002  9.5984615e+001  3.2790000e+000  1.0670000e+000  2.0020000e+003
  2.3998877e+004  1.3999538e+004  6.0000000e+000  4.2571606e+001  3.8581475e+002  9.0508197e+001  2.3999231e+004  1.3999600e+004  6.0000400e+000  4.2623571e+001  3.8531846e+002  8.9969231e+001  3.2660000e+000  8.2500000e-001  2.0130000e+003
  2.3999354e+004  1.3996538e+004  5.9998460e+000  4.4076268e+001  3.8573771e+002  8.9915574e+001  2.3999169e+004  1.3996169e+004  6.0000180e+000  4.4133438e+001  3.8523385e+002  8.9914769e+001  3.2690000e+000  9.9500000e-001  2.0010000e+003
  2.4000277e+004  1.3999338e+004  5.9999690e+000  4.2388394e+001  3.8587049e+002  9.0311475e+001  2.3999646e+004  1.3999662e+004  6.0000010e+000  4.2403818e+001  3.8519846e+002  8.9923077e+001  3.2730000e+000  1.2050000e+000  2.0020000e+003
  2.3998308e+004  1.3994754e+004  5.9998340e+000  4.0271746e+001  3.8583607e+002  9.3245902e+001  2.3997923e+004  1.3994831e+004  5.9999030e+000  4.0277658e+001  3.8517846e+002  9.2953846e+001  3.2770000e+000  1.0960000e+000  2.0010000e+003
  2.3998769e+004  1.3997277e+004  5.9999740e+000  4.1734980e+001  3.8560656e+002  9.0151311e+001  2.4000046e+004  1.3999354e+004  5.9999740e+000  4.1810843e+001  3.8600154e+002  9.0152615e+001  3.2750000e+000  1.4530000e+000  2.0160000e+003
  2.3999046e+004  1.3999615e+004  6.0000570e+000  4.1740574e+001  3.8577541e+002  9.6163934e+001  2.3999092e+004  1.3999492e+004  5.9999380e+000  4.1766978e+001  3.8517846e+002  9.5969231e+001  3.2730000e+000  9.6500000e-001  2.0030000e+003
  2.3999046e+004  1.3999508e+004  5.9999170e+000  4.0671762e+001  3.8577213e+002  8.6672131e+001  2.3999415e+004  1.3999554e+004  5.9999510e+000  4.0700755e+001  3.8514461e+002  8.5892308e+001  3.2630000e+000  1.3260000e+000  2.0020000e+003
  2.3999754e+004  1.3998708e+004  6.0001140e+000  4.3901058e+001  3.8577049e+002  9.0475410e+001  2.3999446e+004  1.3998569e+004  6.0000180e+000  4.3927408e+001  3.8516615e+002  9.0000000e+001  3.2690000e+000  1.2600000e+000  2.0000000e+003
  2.3999169e+004  1.3999415e+004  5.9999860e+000  4.0192629e+001  3.8586230e+002  9.0377049e+001  2.4000092e+004  1.3999538e+004  5.9999910e+000  4.0208926e+001  3.8517385e+002  8.9984615e+001  3.2860000e+000  1.3270000e+000  2.0120000e+003
  2.3999754e+004  1.3999523e+004  5.9998840e+000  4.0176332e+001  3.8583607e+002  9.0344262e+001  2.3999754e+004  1.3999585e+004  6.0000320e+000  4.0215420e+001  3.8515539e+002  9.0000000e+001  3.2840000e+000  9.8100000e-001  2.0020000e+003
  2.3999015e+004  1.3999446e+004  6.0000680e+000  4.1905938e+001  3.8565246e+002  9.0475410e+001  2.3999785e+004  1.3999508e+004  6.0000320e+000  4.1936746e+001  3.8523077e+002  8.9953846e+001  3.2680000e+000  1.0690000e+000  2.0010000e+003
  2.3999200e+004  1.3999477e+004  5.9999340e+000  4.1657580e+001  3.8579344e+002  9.0475410e+001  2.3999062e+004  1.3999554e+004  5.9999290e+000  4.1728597e+001  3.8514000e+002  8.9984615e+001  3.2770000e+000  1.2440000e+000  2.0010000e+003
  2.3999892e+004  1.4001246e+004  6.0000430e+000  4.0715238e+001  3.8573771e+002  9.0426230e+001  2.3999523e+004  1.4000569e+004  6.0001210e+000  4.0738223e+001  3.8518000e+002  8.9984615e+001  3.2810000e+000  1.6120000e+000  2.0010000e+003
  2.3999308e+004  1.3999585e+004  6.0000370e+000  4.0609426e+001  3.8579672e+002  8.6754098e+001  2.3999477e+004  1.3999585e+004  6.0000430e+000  4.0636869e+001  3.8519231e+002  8.5969231e+001  3.2720000e+000  1.2150000e+000  2.0070000e+003
  2.3997338e+004  1.3997985e+004  5.9998880e+000  4.2097320e+001  3.8592459e+002  9.0393443e+001  2.3997954e+004  1.3997738e+004  6.0001660e+000  4.2165152e+001  3.8565077e+002  9.0015385e+001  3.2810000e+000  1.1710000e+000  2.0020000e+003
  2.3999446e+004  1.3999492e+004  6.0000000e+000  4.0129422e+001  3.8583443e+002  9.0491803e+001  2.3999308e+004  1.3999508e+004  5.9998400e+000  4.0127912e+001  3.8539846e+002  9.0000000e+001  3.2820000e+000  1.0960000e+000  2.0010000e+003
  2.3999554e+004  1.3999662e+004  5.9999580e+000  4.1837635e+001  3.8560000e+002  9.6213115e+001  2.3999077e+004  1.3999523e+004  5.9999680e+000  4.1851163e+001  3.8585846e+002  9.6000000e+001  3.2720000e+000  1.0280000e+000  2.0020000e+003
  2.3999167e+004  1.3999485e+004  6.0000070e+000  4.1561905e+001  3.8581613e+002  9.6225806e+001  2.3998677e+004  1.3999477e+004  5.9999650e+000  4.1614131e+001  3.8579077e+002  9.5953846e+001  3.2720000e+000  1.0730000e+000  2.0030000e+003
  2.3999862e+004  1.4001662e+004  6.0000710e+000  4.0287932e+001  3.8586885e+002  9.0393443e+001  2.3999446e+004  1.4000831e+004  5.9998550e+000  4.0314198e+001  3.8576461e+002  8.9953846e+001  3.2770000e+000  8.9900000e-001  2.0140000e+003
  2.3999400e+004  1.3999492e+004  6.0000290e+000  4.2696886e+001  3.8581147e+002  9.0327869e+001  2.3998923e+004  1.3999585e+004  6.0000970e+000  4.2725645e+001  3.8546615e+002  8.9984615e+001  3.2770000e+000  1.1820000e+000  2.0030000e+003
  2.3999646e+004  1.3999446e+004  5.9999050e+000  4.0898382e+001  3.8577213e+002  8.8475410e+001  2.3999769e+004  1.3999431e+004  5.9999480e+000  4.0899545e+001  3.8516923e+002  8.7953846e+001  3.2730000e+000  1.0790000e+000  2.0010000e+003
