  6.5488240e+000  4.4095765e+002  1.5315800e+003  4.3866235e+003
  6.5500000e+000  4.4089235e+002  1.5314541e+003  4.3865435e+003
  6.5500000e+000  4.4090882e+002  1.5313806e+003  4.3867135e+003
  6.5500000e+000  4.4090235e+002  1.5312200e+003  4.3866235e+003
  6.5505880e+000  4.4090235e+002  1.5313629e+003  4.3866147e+003
  6.5500000e+000  4.4091177e+002  1.5311124e+003  4.3865347e+003
  6.5458820e+000  4.4081529e+002  1.5308429e+003  4.3867129e+003
  6.5500000e+000  4.4086765e+002  1.5313988e+003  4.3867124e+003
  6.5500000e+000  4.4092823e+002  1.5311300e+003  4.3866324e+003
  6.5500000e+000  4.4091765e+002  1.5315076e+003  4.3867476e+003
  6.5505880e+000  4.4087000e+002  1.5312376e+003  4.3866594e+003
  6.5500000e+000  4.4090294e+002  1.5311665e+003  4.3866412e+003
  6.5552940e+000  4.4094529e+002  1.5307706e+003  4.3867135e+003
  6.5470590e+000  4.4092235e+002  1.5310765e+003  4.3867306e+003
  6.5505880e+000  4.4093882e+002  1.5313459e+003  4.3867759e+003
  6.5494120e+000  4.4093882e+002  1.5315612e+003  4.3867488e+003
  6.5500000e+000  4.4085882e+002  1.5313453e+003  4.3867488e+003
  6.5500000e+000  4.4097118e+002  1.5313271e+003  4.3866947e+003
  6.5500000e+000  4.4095765e+002  1.5314171e+003  4.3866847e+003
  6.5500000e+000  4.4092823e+002  1.5313471e+003  4.3865959e+003
  6.5505880e+000  4.4075118e+002  1.5312018e+003  4.3867659e+003
  6.5547060e+000  4.4097706e+002  1.5316147e+003  4.3866047e+003
  6.5500000e+000  4.4089294e+002  1.5312741e+003  4.3866500e+003
  6.5494120e+000  4.4092176e+002  1.5310929e+003  4.3866141e+003
  6.5505880e+000  4.4096647e+002  1.5312559e+003  4.3865524e+003
  6.5500000e+000  4.4069882e+002  1.5314718e+003  4.3866953e+003
  6.5500000e+000  4.4090177e+002  1.5312735e+003  4.3864882e+003
  6.5505880e+000  4.4094824e+002  1.5312012e+003  4.3864718e+003
  6.5500000e+000  4.4094176e+002  1.5314706e+003  4.3864894e+003
  6.5505880e+000  4.4092529e+002  1.5322800e+003  4.3864535e+003
  6.5500000e+000  4.4090471e+002  1.5311659e+003  4.3864988e+003
  6.5500000e+000  4.4096250e+002  1.5337347e+003  4.3864756e+003
  6.5476470e+000  4.4089353e+002  1.5306818e+003  4.3866241e+003
  6.5500000e+000  4.4084235e+002  1.5314365e+003  4.3866153e+003
  6.5505880e+000  4.4097765e+002  1.5317941e+003  4.3867312e+003
  6.5505880e+000  4.4079294e+002  1.5311841e+003  4.3865165e+003
  6.5535290e+000  4.4073118e+002  1.5310771e+003  4.3865435e+003
  6.5505880e+000  4.4085118e+002  1.5314724e+003  4.3865888e+003
  6.5500000e+000  4.4089588e+002  1.5314171e+003  4.3866235e+003
  6.5658820e+000  4.4080941e+002  1.5310765e+003  4.3868118e+003
  6.5500000e+000  4.4087647e+002  1.5314171e+003  4.3867659e+003
  6.5494120e+000  4.4090588e+002  1.5319382e+003  4.3866600e+003
  6.5505880e+000  4.4078235e+002  1.5312024e+003  4.3867129e+003
  6.5505880e+000  4.4088647e+002  1.5316688e+003  4.3866418e+003
  6.5500000e+000  4.4090235e+002  1.5314906e+003  4.3866047e+003
  6.5494120e+000  4.4096059e+002  1.5318665e+003  4.3866682e+003
  6.5523530e+000  4.4069941e+002  1.5318124e+003  4.3867565e+003
  6.5500000e+000  4.4086471e+002  1.5315976e+003  4.3867394e+003
  6.5500000e+000  4.4093529e+002  1.5314176e+003  4.3866506e+003
  6.5511760e+000  4.4085765e+002  1.5315259e+003  4.3866065e+003
  6.5494120e+000  4.4078647e+002  1.5317041e+003  4.3866429e+003
  6.5500000e+000  4.4094471e+002  1.5311476e+003  4.3866859e+003
  6.5505880e+000  4.4081941e+002  1.5315082e+003  4.3866959e+003
  6.5511760e+000  4.4095294e+002  1.5315435e+003  4.3867476e+003
  6.5476470e+000  4.4093471e+002  1.5317224e+003  4.3867382e+003
  6.5470590e+000  4.4082882e+002  1.5321176e+003  4.3867118e+003
  6.5500000e+000  4.4092176e+002  1.5317235e+003  4.3867753e+003
  6.5500000e+000  4.4088235e+002  1.5315606e+003  4.3866153e+003
  6.5500000e+000  4.4080000e+002  1.5315618e+003  4.3867041e+003
  6.5500000e+000  4.4091588e+002  1.5313276e+003  4.3865606e+003
  6.5500000e+000  4.4087353e+002  1.5313824e+003  4.3866600e+003
  6.5500000e+000  4.4087118e+002  1.5316694e+003  4.3865971e+003
  6.5500000e+000  4.4099706e+002  1.5316871e+003  4.3866947e+003
  6.5511760e+000  4.4091235e+002  1.5315618e+003  4.3865612e+003
  6.5500000e+000  4.4085765e+002  1.5314347e+003  4.3866224e+003
  6.5500000e+000  4.4095824e+002  1.5313824e+003  4.3866947e+003
  6.5476470e+000  4.4084353e+002  1.5311835e+003  4.3868200e+003
  6.5500000e+000  4.4091529e+002  1.5312382e+003  4.3867659e+003
  6.5441180e+000  4.4096765e+002  1.5314353e+003  4.3867847e+003
  6.5500000e+000  4.4093529e+002  1.5313988e+003  4.3866947e+003
  6.5500000e+000  4.4092588e+002  1.5313271e+003  4.3866224e+003
  6.5505880e+000  4.4085823e+002  1.5314524e+003  4.3867388e+003
  6.5494120e+000  4.4080471e+002  1.5314894e+003  4.3868294e+003
  6.5500000e+000  4.4089118e+002  1.5316694e+003  4.3867759e+003
  6.5517650e+000  4.4083882e+002  1.5314176e+003  4.3866594e+003
  6.5494120e+000  4.4092941e+002  1.5313635e+003  4.3867400e+003
  6.5505880e+000  4.4091941e+002  1.5314171e+003  4.3866676e+003
  6.5505880e+000  4.4060235e+002  1.5315076e+003  4.3866947e+003
  6.5505880e+000  4.4083588e+002  1.5314359e+003  4.3866594e+003
  6.5500000e+000  4.4090941e+002  1.5315424e+003  4.3867929e+003
  6.5500000e+000  4.4094235e+002  1.5315259e+003  4.3866859e+003
  6.5500000e+000  4.4097059e+002  1.5311482e+003  4.3868129e+003
  6.5488240e+000  4.4067706e+002  1.5312376e+003  4.3867935e+003
  6.5500000e+000  4.4085177e+002  1.5311847e+003  4.3867494e+003
  6.5505880e+000  4.4096118e+002  1.5312924e+003  4.3868106e+003
  6.5500000e+000  4.4088235e+002  1.5315612e+003  4.3867841e+003
  6.5500000e+000  4.4091941e+002  1.5315247e+003  4.3866418e+003
  6.5500000e+000  4.4080882e+002  1.5313282e+003  4.3866865e+003
  6.5500000e+000  4.4090235e+002  1.5313812e+003  4.3867135e+003
  6.5500000e+000  4.4092882e+002  1.5315071e+003  4.3868565e+003
  6.5488240e+000  4.4079294e+002  1.5310229e+003  4.3867047e+003
  6.5494120e+000  4.4060529e+002  1.5317765e+003  4.3866859e+003
  6.5500000e+000  4.4094824e+002  1.5315065e+003  4.3867571e+003
  6.5500000e+000  4.4086412e+002  1.5313812e+003  4.3866506e+003
  6.5494120e+000  4.4091588e+002  1.5315971e+003  4.3866871e+003
  6.5500000e+000  4.4086647e+002  1.5312018e+003  4.3867400e+003
  6.5500000e+000  4.4090294e+002  1.5315965e+003  4.3867218e+003
  6.5500000e+000  4.4100647e+002  1.5313824e+003  4.3866947e+003
  6.5505880e+000  4.4092235e+002  1.5315253e+003  4.3867029e+003
  6.5500000e+000  4.4092235e+002  1.5314365e+003  4.3866782e+003
  6.5500000e+000  4.4066588e+002  1.5315618e+003  4.3866418e+003
  6.5447060e+000  4.4086000e+002  1.5310771e+003  4.3867759e+003
  6.5505880e+000  4.4069588e+002  1.5313447e+003  4.3868659e+003
  6.5500000e+000  4.4091588e+002  1.5315971e+003  4.3866682e+003
  6.5500000e+000  4.4087765e+002  1.5313453e+003  4.3867659e+003
  6.5517650e+000  4.4080235e+002  1.5314541e+003  4.3867929e+003
  6.5541180e+000  4.4079588e+002  1.5314541e+003  4.3867759e+003
  6.5500000e+000  4.4092267e+002  1.5374118e+003  4.3868033e+003
  6.5500000e+000  4.4093941e+002  1.5314888e+003  4.3867312e+003
  6.5500000e+000  4.4095118e+002  1.5317400e+003  4.3868288e+003
  6.5500000e+000  4.4091823e+002  1.5312565e+003  4.3867576e+003
  6.5500000e+000  4.4091250e+002  1.5344876e+003  4.3867113e+003
  6.5500000e+000  4.4101400e+002  1.5374671e+003  4.3866680e+003
  6.5500000e+000  4.4086176e+002  1.5314171e+003  4.3867665e+003
  6.5500000e+000  4.4090647e+002  1.5313635e+003  4.3867047e+003
  6.5511760e+000  4.4081882e+002  1.5313106e+003  4.3866235e+003
  6.5500000e+000  4.4090235e+002  1.5315259e+003  4.3867924e+003
  6.5494120e+000  4.4087118e+002  1.5317229e+003  4.3867671e+003
  6.5500000e+000  4.4089353e+002  1.5314894e+003  4.3867941e+003
  6.5511760e+000  4.4078647e+002  1.5315800e+003  4.3867482e+003
  6.5500000e+000  4.4095882e+002  1.5315971e+003  4.3867035e+003
  6.5500000e+000  4.4069588e+002  1.5311835e+003  4.3867218e+003
  6.5505880e+000  4.4091941e+002  1.5315071e+003  4.3867659e+003
  6.5511760e+000  4.4091941e+002  1.5318118e+003  4.3866506e+003
  6.5488240e+000  4.4072529e+002  1.5318500e+003  4.3866941e+003
  6.5505880e+000  4.4092118e+002  1.5312206e+003  4.3866506e+003
  6.5500000e+000  4.4095059e+002  1.5315788e+003  4.3867229e+003
  6.5500000e+000  4.4092882e+002  1.5314888e+003  4.3865971e+003
  6.5488240e+000  4.4078706e+002  1.5313106e+003  4.3866500e+003
  6.5500000e+000  4.4083118e+002  1.5314718e+003  4.3867218e+003
  6.5505880e+000  4.4084882e+002  1.5315788e+003  4.3867488e+003
  6.5500000e+000  4.4095882e+002  1.5315418e+003  4.3867212e+003
  6.5500000e+000  4.4089000e+002  1.5315429e+003  4.3867124e+003
  6.5494120e+000  4.4091941e+002  1.5316506e+003  4.3866318e+003
  6.5511760e+000  4.4088706e+002  1.5313994e+003  4.3867406e+003
  6.5500000e+000  4.4072882e+002  1.5315612e+003  4.3866765e+003
  6.5500000e+000  4.4087588e+002  1.5315776e+003  4.3866853e+003
  6.5500000e+000  4.4090294e+002  1.5316512e+003  4.3867482e+003
  6.5505880e+000  4.4103823e+002  1.5313106e+003  4.3866494e+003
  6.5482350e+000  4.4079294e+002  1.5316853e+003  4.3866688e+003
  6.5500000e+000  4.4069941e+002  1.5315612e+003  4.3865959e+003
  6.5505880e+000  4.4095529e+002  1.5315059e+003  4.3866865e+003
  6.5500000e+000  4.4097706e+002  1.5313635e+003  4.3866147e+003
  6.5500000e+000  4.4086118e+002  1.5317765e+003  4.3867306e+003
  6.5529410e+000  4.4089177e+002  1.5308259e+003  4.3866500e+003
  6.5494120e+000  4.4092823e+002  1.5312912e+003  4.3867212e+003
  6.5500000e+000  4.4089353e+002  1.5314171e+003  4.3866412e+003
  6.5500000e+000  4.4063118e+002  1.5315594e+003  4.3865882e+003
  6.5511760e+000  4.4068176e+002  1.5312924e+003  4.3866953e+003
  6.5500000e+000  4.4091647e+002  1.5310224e+003  4.3866776e+003
  6.5500000e+000  4.4094118e+002  1.5311129e+003  4.3866765e+003
  6.5494120e+000  4.4080353e+002  1.5310218e+003  4.3867224e+003
  6.5500000e+000  4.4092941e+002  1.5313094e+003  4.3866865e+003
  6.5494120e+000  4.4069647e+002  1.5317400e+003  4.3867400e+003
  6.5511760e+000  4.4081588e+002  1.5317229e+003  4.3868024e+003
  6.5511760e+000  4.4078941e+002  1.5314176e+003  4.3868376e+003
  6.5576470e+000  4.4083588e+002  1.5309153e+003  4.3867129e+003
  6.5505880e+000  4.4084765e+002  1.5316688e+003  4.3867300e+003
  6.5505880e+000  4.4089765e+002  1.5318300e+003  4.3866594e+003
  6.5500000e+000  4.4099059e+002  1.5317753e+003  4.3866418e+003
  6.5505880e+000  4.4083177e+002  1.5316329e+003  4.3866776e+003
  6.5500000e+000  4.4091177e+002  1.5315247e+003  4.3866329e+003
  6.5505880e+000  4.4076353e+002  1.5317765e+003  4.3866771e+003
  6.5500000e+000  4.4066647e+002  1.5319747e+003  4.3866688e+003
  6.5500000e+000  4.4091647e+002  1.5316694e+003  4.3867312e+003
  6.5500000e+000  4.4095235e+002  1.5315247e+003  4.3867665e+003
  6.5500000e+000  4.4089706e+002  1.5313106e+003  4.3865971e+003
  6.5511760e+000  4.4092882e+002  1.5315965e+003  4.3866865e+003
  6.5500000e+000  4.4090353e+002  1.5309341e+003  4.3866518e+003
  6.5500000e+000  4.4100059e+002  1.5315076e+003  4.3866494e+003
  6.5500000e+000  4.4087706e+002  1.5314894e+003  4.3867047e+003
  6.5500000e+000  4.4091588e+002  1.5312018e+003  4.3866411e+003
  6.5500000e+000  4.4093824e+002  1.5315253e+003  4.3866059e+003
  6.5500000e+000  4.4097412e+002  1.5314165e+003  4.3867224e+003
  6.5494120e+000  4.4087235e+002  1.5312559e+003  4.3866759e+003
  6.5500000e+000  4.4092588e+002  1.5311312e+003  4.3867753e+003
  6.5500000e+000  4.4083471e+002  1.5317406e+003  4.3868394e+003
  6.5500000e+000  4.4093176e+002  1.5314706e+003  4.3867047e+003
  6.5500000e+000  4.4090235e+002  1.5311653e+003  4.3867488e+003
  6.5500000e+000  4.4091294e+002  1.5311665e+003  4.3867741e+003
  6.5500000e+000  4.4084765e+002  1.5314353e+003  4.3867400e+003
  6.5500000e+000  4.4091118e+002  1.5314535e+003  4.3867576e+003
  6.5511760e+000  4.4080588e+002  1.5314353e+003  4.3867759e+003
  6.5505880e+000  4.4100647e+002  1.5317229e+003  4.3867300e+003
  6.5500000e+000  4.4093647e+002  1.5317224e+003  4.3867494e+003
  6.5505880e+000  4.4095412e+002  1.5316147e+003  4.3867671e+003
  6.5500000e+000  4.4097353e+002  1.5317041e+003  4.3867753e+003
  6.5500000e+000  4.4095412e+002  1.5313982e+003  4.3868200e+003
  6.5500000e+000  4.4095118e+002  1.5313106e+003  4.3867671e+003
  6.5511760e+000  4.4079294e+002  1.5312929e+003  4.3868747e+003
  6.5505880e+000  4.4088647e+002  1.5311841e+003  4.3867571e+003
  6.5429410e+000  4.4086941e+002  1.5314176e+003  4.3868929e+003
  6.5500000e+000  4.4091529e+002  1.5309335e+003  4.3868571e+003
  6.5500000e+000  4.4088765e+002  1.5312735e+003  4.3867653e+003
  6.5500000e+000  4.4093882e+002  1.5315247e+003  4.3867659e+003
  6.5505880e+000  4.4092823e+002  1.5313824e+003  4.3868206e+003
  6.5476470e+000  4.4101647e+002  1.5320106e+003  4.3867841e+003
  6.5494120e+000  4.4086059e+002  1.5314359e+003  4.3867665e+003
  6.5500000e+000  4.4094176e+002  1.5313282e+003  4.3868294e+003
  6.5500000e+000  4.4088118e+002  1.5314347e+003  4.3868024e+003
  6.5500000e+000  4.4091882e+002  1.5315971e+003  4.3867659e+003
  6.5500000e+000  4.4083647e+002  1.5315606e+003  4.3867676e+003
  6.5500000e+000  4.4095177e+002  1.5313282e+003  4.3866682e+003
  6.5511760e+000  4.4089941e+002  1.5307347e+003  4.3868471e+003
  6.5505880e+000  4.4091588e+002  1.5312024e+003  4.3867665e+003
  6.5500000e+000  4.4090059e+002  1.5313641e+003  4.3868018e+003
  6.5505880e+000  4.4088765e+002  1.5315253e+003  4.3868118e+003
  6.5511760e+000  4.4077941e+002  1.5312029e+003  4.3868559e+003
  6.5511760e+000  4.4089353e+002  1.5311129e+003  4.3867835e+003
  6.5500000e+000  4.4086353e+002  1.5317059e+003  4.3867224e+003
  6.5500000e+000  4.4096823e+002  1.5314900e+003  4.3866853e+003
  6.5494120e+000  4.4093529e+002  1.5315435e+003  4.3868300e+003
  6.5500000e+000  4.4096706e+002  1.5314718e+003  4.3868294e+003
  6.5505880e+000  4.4094176e+002  1.5313447e+003  4.3868018e+003
  6.5494120e+000  4.4074471e+002  1.5312912e+003  4.3867400e+003
  6.5494120e+000  4.4090000e+002  1.5315071e+003  4.3868035e+003
  6.5500000e+000  4.4092588e+002  1.5314718e+003  4.3867212e+003
  6.5505880e+000  4.4088941e+002  1.5315606e+003  4.3867218e+003
  6.5500000e+000  4.4090235e+002  1.5313824e+003  4.3866871e+003
  6.5505880e+000  4.4092176e+002  1.5310935e+003  4.3868488e+003
  6.5494120e+000  4.4080882e+002  1.5313459e+003  4.3867400e+003
  6.5500000e+000  4.4092294e+002  1.5313459e+003  4.3868012e+003
  6.5500000e+000  4.4090941e+002  1.5311847e+003  4.3868194e+003
  6.5558820e+000  4.4096059e+002  1.5317053e+003  4.3868012e+003
  6.5564710e+000  4.4099294e+002  1.5309329e+003  4.3868471e+003
  6.5505880e+000  4.4072823e+002  1.5312371e+003  4.3868118e+003
  6.5500000e+000  4.4090647e+002  1.5315971e+003  4.3868747e+003
  6.5482350e+000  4.4093235e+002  1.5310229e+003  4.3866947e+003
  6.5505880e+000  4.4091882e+002  1.5315965e+003  4.3867853e+003
  6.5500000e+000  4.4089412e+002  1.5313288e+003  4.3867312e+003
  6.5500000e+000  4.4087647e+002  1.5314347e+003  4.3867129e+003
  6.5500000e+000  4.4094176e+002  1.5317588e+003  4.3867129e+003
  6.5500000e+000  4.4092882e+002  1.5320471e+003  4.3866324e+003
  6.5500000e+000  4.4091294e+002  1.5314353e+003  4.3868459e+003
  6.5500000e+000  4.4092529e+002  1.5315612e+003  4.3866771e+003
  6.5494120e+000  4.4067647e+002  1.5308247e+003  4.3866782e+003
  6.5500000e+000  4.4092647e+002  1.5313453e+003  4.3866147e+003
  6.5500000e+000  4.4089941e+002  1.5316512e+003  4.3867388e+003
  6.5500000e+000  4.4091941e+002  1.5314171e+003  4.3867312e+003
  6.5500000e+000  4.4084471e+002  1.5313624e+003  4.3867400e+003
  6.5500000e+000  4.4084412e+002  1.5314365e+003  4.3867400e+003
  6.5500000e+000  4.4092941e+002  1.5316688e+003  4.3866229e+003
  6.5500000e+000  4.4088647e+002  1.5314529e+003  4.3866500e+003
  6.5476470e+000  4.4092647e+002  1.5313276e+003  4.3867676e+003
  6.5505880e+000  4.4087588e+002  1.5314535e+003  4.3867394e+003
  6.5582350e+000  4.4096177e+002  1.5317224e+003  4.3867753e+003
  6.5523530e+000  4.4063471e+002  1.5316682e+003  4.3867047e+003
  6.5500000e+000  4.4084118e+002  1.5315429e+003  4.3867665e+003
  6.5505880e+000  4.4082177e+002  1.5313641e+003  4.3866512e+003
  6.5500000e+000  4.4071882e+002  1.5316324e+003  4.3867218e+003
  6.5494120e+000  4.4082000e+002  1.5316688e+003  4.3868294e+003
  6.5500000e+000  4.4094176e+002  1.5312906e+003  4.3868382e+003
  6.5500000e+000  4.4093294e+002  1.5315606e+003  4.3868288e+003
  6.5500000e+000  4.4095471e+002  1.5314359e+003  4.3868459e+003
  6.5500000e+000  4.4094882e+002  1.5317224e+003  4.3869724e+003
  6.5405880e+000  4.4090941e+002  1.5313453e+003  4.3867753e+003
  6.5500000e+000  4.4089000e+002  1.5317053e+003  4.3868665e+003
  6.5505880e+000  4.4093412e+002  1.5317224e+003  4.3868018e+003
  6.5500000e+000  4.4089235e+002  1.5315965e+003  4.3867759e+003
  6.5500000e+000  4.4085177e+002  1.5313282e+003  4.3868106e+003
  6.5500000e+000  4.4090823e+002  1.5312376e+003  4.3867671e+003
  6.5500000e+000  4.4105471e+002  1.5312735e+003  4.3867753e+003
  6.5505880e+000  4.4099647e+002  1.5318835e+003  4.3867741e+003
  6.5500000e+000  4.4091823e+002  1.5314888e+003  4.3868294e+003
  6.5476470e+000  4.4083177e+002  1.5316700e+003  4.3867841e+003
  6.5500000e+000  4.4097765e+002  1.5314724e+003  4.3867847e+003
  6.5500000e+000  4.4098765e+002  1.5311482e+003  4.3868476e+003
  6.5500000e+000  4.4089235e+002  1.5313094e+003  4.3868112e+003
  6.5494120e+000  4.4095824e+002  1.5314000e+003  4.3868482e+003
  6.5500000e+000  4.4090235e+002  1.5313459e+003  4.3868112e+003
  6.5494120e+000  4.4090588e+002  1.5315606e+003  4.3868300e+003
  6.5505880e+000  4.4080882e+002  1.5312382e+003  4.3868659e+003
  6.5500000e+000  4.4094176e+002  1.5314012e+003  4.3867118e+003
  6.5505880e+000  4.4068588e+002  1.5315259e+003  4.3867929e+003
  6.5500000e+000  4.4089529e+002  1.5315965e+003  4.3868371e+003
  6.5500000e+000  4.4078000e+002  1.5313271e+003  4.3868294e+003
  6.5547060e+000  4.4075412e+002  1.5317947e+003  4.3867112e+003
  6.5500000e+000  4.4089059e+002  1.5311671e+003  4.3867194e+003
  6.5500000e+000  4.4091235e+002  1.5315429e+003  4.3867853e+003
  6.5500000e+000  4.4093176e+002  1.5313994e+003  4.3867041e+003
  6.5500000e+000  4.4094235e+002  1.5317588e+003  4.3867124e+003
  6.5535290e+000  4.4088118e+002  1.5314724e+003  4.3867482e+003
  6.5464710e+000  4.4096177e+002  1.5314553e+003  4.3867212e+003
  6.5500000e+000  4.4094118e+002  1.5312376e+003  4.3867218e+003
  6.5494120e+000  4.4090294e+002  1.5312571e+003  4.3868835e+003
  6.5500000e+000  4.4091823e+002  1.5310224e+003  4.3868741e+003
  6.5500000e+000  4.4089706e+002  1.5314176e+003  4.3869559e+003
  6.5500000e+000  4.4090000e+002  1.5309341e+003  4.3869659e+003
  6.5500000e+000  4.4086647e+002  1.5311129e+003  4.3869282e+003
  6.5494120e+000  4.4070294e+002  1.5309153e+003  4.3869371e+003
  6.5500000e+000  4.4082882e+002  1.5311835e+003  4.3869741e+003
  6.5505880e+000  4.4084235e+002  1.5310953e+003  4.3870188e+003
  6.5505880e+000  4.4062765e+002  1.5314724e+003  4.3868724e+003
  6.5488240e+000  4.4093176e+002  1.5308971e+003  4.3869906e+003
  6.5500000e+000  4.4092176e+002  1.5312371e+003  4.3871276e+003
  6.5500000e+000  4.4087471e+002  1.5312029e+003  4.3868576e+003
  6.5500000e+000  4.4084823e+002  1.5311665e+003  4.3869200e+003
  6.5500000e+000  4.4087353e+002  1.5314359e+003  4.3868294e+003
  6.5505880e+000  4.4091059e+002  1.5313629e+003  4.3868476e+003
  6.5500000e+000  4.4091294e+002  1.5315253e+003  4.3867400e+003
  6.5500000e+000  4.4085412e+002  1.5314000e+003  4.3868218e+003
  6.5500000e+000  4.4093235e+002  1.5316141e+003  4.3866782e+003
  6.5505880e+000  4.4084823e+002  1.5317400e+003  4.3867847e+003
  6.5500000e+000  4.4092588e+002  1.5316324e+003  4.3867212e+003
  6.5500000e+000  4.4091177e+002  1.5313294e+003  4.3866412e+003
  6.5494120e+000  4.4084177e+002  1.5314353e+003  4.3866600e+003
  6.5500000e+000  4.4078294e+002  1.5316859e+003  4.3867135e+003
  6.5500000e+000  4.4063706e+002  1.5315612e+003  4.3866406e+003
  6.5500000e+000  4.4083529e+002  1.5315241e+003  4.3867394e+003
  6.5494120e+000  4.4094412e+002  1.5314718e+003  4.3865706e+003
  6.5500000e+000  4.4088353e+002  1.5315253e+003  4.3866665e+003
  6.5494120e+000  4.4095177e+002  1.5311135e+003  4.3866865e+003
  6.5500000e+000  4.4096461e+002  1.5455094e+003  4.3866615e+003
  6.5500000e+000  4.4088941e+002  1.5316865e+003  4.3866771e+003
  6.5541180e+000  4.4089059e+002  1.5326035e+003  4.3866318e+003
  6.5505880e+000  4.4098000e+002  1.5316512e+003  4.3866418e+003
  6.5529410e+000  4.4091235e+002  1.5321529e+003  4.3865882e+003
  6.5500000e+000  4.4085471e+002  1.5317241e+003  4.3867306e+003
  6.5500000e+000  4.4092176e+002  1.5315965e+003  4.3866947e+003
  6.5500000e+000  4.4092823e+002  1.5317047e+003  4.3865888e+003
  6.5447060e+000  4.4089000e+002  1.5314894e+003  4.3867218e+003
  6.5494120e+000  4.4092588e+002  1.5315965e+003  4.3867935e+003
  6.5511760e+000  4.4100588e+002  1.5317400e+003  4.3866771e+003
  6.5511760e+000  4.4086824e+002  1.5315971e+003  4.3866865e+003
  6.5500000e+000  4.4089294e+002  1.5316159e+003  4.3867571e+003
  6.5517650e+000  4.4083118e+002  1.5318829e+003  4.3867488e+003
  6.5500000e+000  4.4093588e+002  1.5317582e+003  4.3867576e+003
  6.5505880e+000  4.4068706e+002  1.5314700e+003  4.3867218e+003
  6.5500000e+000  4.4093765e+002  1.5316335e+003  4.3868212e+003
  6.5500000e+000  4.4072823e+002  1.5319371e+003  4.3869635e+003
  6.5500000e+000  4.4095471e+002  1.5317418e+003  4.3867124e+003
  6.5494120e+000  4.4082882e+002  1.5315794e+003  4.3867753e+003
  6.5500000e+000  4.4093235e+002  1.5315959e+003  4.3868482e+003
  6.5500000e+000  4.4092294e+002  1.5316153e+003  4.3867747e+003
  6.5500000e+000  4.4090235e+002  1.5318835e+003  4.3867747e+003
  6.5500000e+000  4.4089412e+002  1.5314718e+003  4.3868465e+003
  6.5500000e+000  4.4096177e+002  1.5318112e+003  4.3867306e+003
  6.5505880e+000  4.4091941e+002  1.5314535e+003  4.3867206e+003
  6.5500000e+000  4.4092118e+002  1.5317947e+003  4.3866853e+003
  6.5488240e+000  4.4071177e+002  1.5312729e+003  4.3866953e+003
  6.5500000e+000  4.4094176e+002  1.5317400e+003  4.3865882e+003
  6.5500000e+000  4.4089235e+002  1.5315071e+003  4.3867053e+003
  6.5500000e+000  4.4088235e+002  1.5316865e+003  4.3868376e+003
  6.5500000e+000  4.4087706e+002  1.5316324e+003  4.3868100e+003
  6.5500000e+000  4.4096000e+002  1.5314706e+003  4.3867576e+003
  6.5500000e+000  4.4094118e+002  1.5312024e+003  4.3867135e+003
  6.5505880e+000  4.4094824e+002  1.5316335e+003  4.3867841e+003
  6.5500000e+000  4.4094143e+002  1.5317576e+003  4.3867086e+003
  6.5500000e+000  4.4086294e+002  1.5315259e+003  4.3866406e+003
  6.5494120e+000  4.4064706e+002  1.5322429e+003  4.3867941e+003
  6.5511760e+000  4.4085471e+002  1.5313641e+003  4.3867935e+003
  6.5505880e+000  4.4095765e+002  1.5314176e+003  4.3866776e+003
  6.5505880e+000  4.4094471e+002  1.5315076e+003  4.3867571e+003
  6.5505880e+000  4.4092176e+002  1.5316512e+003  4.3866235e+003
  6.5505880e+000  4.4094176e+002  1.5315241e+003  4.3867124e+003
  6.5500000e+000  4.4095118e+002  1.5314894e+003  4.3866953e+003
  6.5511760e+000  4.4091177e+002  1.5314724e+003  4.3867135e+003
  6.5500000e+000  4.4090941e+002  1.5317041e+003  4.3866418e+003
  6.5517650e+000  4.4073118e+002  1.5317765e+003  4.3867929e+003
  6.5570590e+000  4.4093412e+002  1.5313106e+003  4.3867482e+003
  6.5570590e+000  4.4085765e+002  1.5310947e+003  4.3867941e+003
  6.5505880e+000  4.4085412e+002  1.5314165e+003  4.3869112e+003
  6.5482350e+000  4.4085412e+002  1.5312553e+003  4.3868294e+003
  6.5500000e+000  4.4095529e+002  1.5316335e+003  4.3868835e+003
  6.5500000e+000  4.4101000e+002  1.5317041e+003  4.3868294e+003
  6.5517650e+000  4.4094882e+002  1.5321182e+003  4.3867771e+003
  6.5500000e+000  4.4096471e+002  1.5313635e+003  4.3868553e+003
  6.5500000e+000  4.4092941e+002  1.5315965e+003  4.3868294e+003
  6.5500000e+000  4.4094176e+002  1.5315794e+003  4.3868294e+003
  6.5511760e+000  4.4089000e+002  1.5310406e+003  4.3868565e+003
  6.5500000e+000  4.4082882e+002  1.5315788e+003  4.3869194e+003
  6.5505880e+000  4.4084471e+002  1.5315606e+003  4.3869635e+003
  6.5500000e+000  4.4085059e+002  1.5314541e+003  4.3868212e+003
  6.5505880e+000  4.4099941e+002  1.5319918e+003  4.3868300e+003
  6.5500000e+000  4.4093176e+002  1.5317053e+003  4.3868741e+003
  6.5500000e+000  4.4093176e+002  1.5314888e+003  4.3867847e+003
  6.5500000e+000  4.4091706e+002  1.5315429e+003  4.3867394e+003
  6.5500000e+000  4.4089412e+002  1.5314718e+003  4.3867759e+003
  6.5500000e+000  4.4094824e+002  1.5317759e+003  4.3867935e+003
  6.5500000e+000  4.4096235e+002  1.5314718e+003  4.3868559e+003
  6.5500000e+000  4.4091941e+002  1.5316682e+003  4.3868200e+003
  6.5500000e+000  4.4087353e+002  1.5315794e+003  4.3868818e+003
  6.5500000e+000  4.4096706e+002  1.5313276e+003  4.3868553e+003
  6.5500000e+000  4.4082471e+002  1.5315600e+003  4.3868747e+003
  6.5517650e+000  4.4064059e+002  1.5314176e+003  4.3868653e+003
  6.5505880e+000  4.4095235e+002  1.5320635e+003  4.3868647e+003
  6.5494120e+000  4.4101647e+002  1.5316682e+003  4.3868200e+003
  6.5494120e+000  4.4089647e+002  1.5316153e+003  4.3869118e+003
  6.5500000e+000  4.4091941e+002  1.5312559e+003  4.3868753e+003
  6.5500000e+000  4.4093176e+002  1.5315782e+003  4.3870459e+003
  6.5500000e+000  4.4082765e+002  1.5313088e+003  4.3869829e+003
  6.5500000e+000  4.4092176e+002  1.5314347e+003  4.3870188e+003
  6.5500000e+000  4.4108818e+002  1.5306453e+003  4.3870509e+003
  6.5505880e+000  4.4093765e+002  1.5314712e+003  4.3871265e+003
  6.5500000e+000  4.4096000e+002  1.5313471e+003  4.3870812e+003
  6.5500000e+000  4.4090941e+002  1.5315612e+003  4.3870724e+003
  6.5547060e+000  4.4087353e+002  1.5313447e+003  4.3871088e+003
  6.5529410e+000  4.4090941e+002  1.5309876e+003  4.3870994e+003
  6.5505880e+000  4.4094000e+002  1.5316335e+003  4.3870994e+003
  6.5500000e+000  4.4087471e+002  1.5312747e+003  4.3870541e+003
  6.5500000e+000  4.4092176e+002  1.5313988e+003  4.3870824e+003
  6.5500000e+000  4.4092882e+002  1.5316512e+003  4.3870729e+003
  6.5511760e+000  4.4068647e+002  1.5318124e+003  4.3870729e+003
  6.5500000e+000  4.4091941e+002  1.5312747e+003  4.3871176e+003
  6.5505880e+000  4.4083118e+002  1.5316147e+003  4.3870729e+003
  6.5511760e+000  4.4081176e+002  1.5313812e+003  4.3870912e+003
  6.5500000e+000  4.4087176e+002  1.5318841e+003  4.3870288e+003
  6.5511760e+000  4.4078353e+002  1.5315788e+003  4.3870194e+003
  6.5505880e+000  4.4089353e+002  1.5316506e+003  4.3869918e+003
  6.5505880e+000  4.4093647e+002  1.5314706e+003  4.3868829e+003
  6.5517650e+000  4.4079294e+002  1.5317759e+003  4.3868471e+003
  6.5505880e+000  4.4083471e+002  1.5314712e+003  4.3869282e+003
  6.5511760e+000  4.4072294e+002  1.5315071e+003  4.3870100e+003
  6.5517650e+000  4.4075765e+002  1.5316512e+003  4.3868829e+003
  6.5500000e+000  4.4085177e+002  1.5315235e+003  4.3869835e+003
  6.5500000e+000  4.4095529e+002  1.5314900e+003  4.3869835e+003
  6.5500000e+000  4.4077941e+002  1.5314900e+003  4.3870188e+003
  6.5511760e+000  4.4070647e+002  1.5314900e+003  4.3870106e+003
  6.5500000e+000  4.4091294e+002  1.5317229e+003  4.3869376e+003
  6.5505880e+000  4.4085118e+002  1.5314353e+003  4.3870000e+003
  6.5500000e+000  4.4088412e+002  1.5314712e+003  4.3869200e+003
  6.5500000e+000  4.4095059e+002  1.5317053e+003  4.3869912e+003
  6.5494120e+000  4.4083471e+002  1.5316335e+003  4.3869471e+003
  6.5500000e+000  4.4090000e+002  1.5315253e+003  4.3870641e+003
  6.5500000e+000  4.4088235e+002  1.5315794e+003  4.3869829e+003
  6.5500000e+000  4.4094118e+002  1.5315441e+003  4.3869018e+003
  6.5511760e+000  4.4088471e+002  1.5319382e+003  4.3869553e+003
  6.5488240e+000  4.4097000e+002  1.5317759e+003  4.3869647e+003
  6.5511760e+000  4.4082529e+002  1.5315976e+003  4.3868753e+003
  6.5505880e+000  4.4084823e+002  1.5314712e+003  4.3869824e+003
  6.5505880e+000  4.4084471e+002  1.5315076e+003  4.3869112e+003
  6.5500000e+000  4.4093176e+002  1.5316682e+003  4.3869359e+003
  6.5494120e+000  4.4087118e+002  1.5317224e+003  4.3869459e+003
  6.5500000e+000  4.4088706e+002  1.5316324e+003  4.3868747e+003
  6.5500000e+000  4.4094118e+002  1.5316329e+003  4.3869376e+003
  6.5500000e+000  4.4092176e+002  1.5315788e+003  4.3868924e+003
  6.5500000e+000  4.4086294e+002  1.5315071e+003  4.3869106e+003
  6.5500000e+000  4.4082647e+002  1.5315247e+003  4.3869459e+003
  6.5505880e+000  4.4062765e+002  1.5317047e+003  4.3869282e+003
  6.5500000e+000  4.4093529e+002  1.5312206e+003  4.3868835e+003
  6.5511760e+000  4.4083824e+002  1.5314171e+003  4.3869829e+003
  6.5505880e+000  4.4069235e+002  1.5316159e+003  4.3869741e+003
  6.5494120e+000  4.4095824e+002  1.5313459e+003  4.3868559e+003
  6.5500000e+000  4.4090941e+002  1.5316147e+003  4.3868206e+003
  6.5500000e+000  4.4091353e+002  1.5315435e+003  4.3868129e+003
  6.5482350e+000  4.4091471e+002  1.5310224e+003  4.3869912e+003
  6.5505880e+000  4.4089588e+002  1.5314535e+003  4.3868394e+003
  6.5511760e+000  4.4074765e+002  1.5317588e+003  4.3869029e+003
  6.5505880e+000  4.4089294e+002  1.5314535e+003  4.3868841e+003
  6.5500000e+000  4.4086412e+002  1.5316147e+003  4.3868024e+003
  6.5511760e+000  4.4087059e+002  1.5317582e+003  4.3868829e+003
  6.5500000e+000  4.4084471e+002  1.5314165e+003  4.3869724e+003
  6.5505880e+000  4.4089941e+002  1.5314176e+003  4.3868388e+003
  6.5500000e+000  4.4092294e+002  1.5314894e+003  4.3868653e+003
  6.5458820e+000  4.4094176e+002  1.5313635e+003  4.3869359e+003
  6.5511760e+000  4.4078294e+002  1.5316694e+003  4.3869559e+003
  6.5500000e+000  4.4095177e+002  1.5316682e+003  4.3868829e+003
  6.5500000e+000  4.4087765e+002  1.5316153e+003  4.3868300e+003
  6.5511760e+000  4.4083471e+002  1.5314535e+003  4.3869100e+003
  6.5482350e+000  4.4085412e+002  1.5316859e+003  4.3869206e+003
  6.5494120e+000  4.4088353e+002  1.5315794e+003  4.3868035e+003
  6.5500000e+000  4.4083529e+002  1.5315971e+003  4.3869182e+003
  6.5500000e+000  4.4090706e+002  1.5315965e+003  4.3868741e+003
  6.5505880e+000  4.4088059e+002  1.5315776e+003  4.3868376e+003
  6.5482350e+000  4.4093176e+002  1.5316688e+003  4.3869112e+003
  6.5500000e+000  4.4099000e+002  1.5314724e+003  4.3868400e+003
  6.5500000e+000  4.4088941e+002  1.5314165e+003  4.3868394e+003
  6.5647060e+000  4.4082000e+002  1.5321176e+003  4.3869018e+003
  6.5500000e+000  4.4087353e+002  1.5308247e+003  4.3870182e+003
  6.5500000e+000  4.4092294e+002  1.5315794e+003  4.3868212e+003
  6.5500000e+000  4.4092000e+002  1.5314541e+003  4.3869288e+003
  6.5505880e+000  4.4086059e+002  1.5315612e+003  4.3868118e+003
  6.5464710e+000  4.4093824e+002  1.5315782e+003  4.3868212e+003
  6.5494120e+000  4.4088000e+002  1.5320818e+003  4.3868741e+003
  6.5511760e+000  4.4091177e+002  1.5314359e+003  4.3869653e+003
  6.5505880e+000  4.4083235e+002  1.5315971e+003  4.3867935e+003
  6.5511760e+000  4.4088706e+002  1.5317594e+003  4.3868206e+003
  6.5500000e+000  4.4087353e+002  1.5317759e+003  4.3868394e+003
  6.5500000e+000  4.4091294e+002  1.5317759e+003  4.3868124e+003
  6.5500000e+000  4.4085529e+002  1.5316688e+003  4.3867218e+003
  6.5500000e+000  4.4090588e+002  1.5315059e+003  4.3867929e+003
  6.5500000e+000  4.4094471e+002  1.5316159e+003  4.3867841e+003
  6.5505880e+000  4.4090235e+002  1.5317935e+003  4.3868024e+003
  6.5500000e+000  4.4086765e+002  1.5315071e+003  4.3868029e+003
  6.5500000e+000  4.4093235e+002  1.5316135e+003  4.3868294e+003
  6.5505880e+000  4.4088765e+002  1.5317400e+003  4.3868024e+003
  6.5500000e+000  4.4095177e+002  1.5314894e+003  4.3868300e+003
  6.5505880e+000  4.4092882e+002  1.5314529e+003  4.3867941e+003
  6.5664710e+000  4.4094529e+002  1.5312012e+003  4.3868941e+003
  6.5505880e+000  4.4081176e+002  1.5315418e+003  4.3869012e+003
  6.5505880e+000  4.4086412e+002  1.5312376e+003  4.3868735e+003
  6.5494120e+000  4.4080647e+002  1.5318135e+003  4.3868835e+003
  6.5511760e+000  4.4082412e+002  1.5317947e+003  4.3868206e+003
  6.5494120e+000  4.4092941e+002  1.5320282e+003  4.3868665e+003
  6.5517650e+000  4.4096765e+002  1.5313635e+003  4.3868112e+003
  6.5505880e+000  4.4083471e+002  1.5319206e+003  4.3868018e+003
  6.5500000e+000  4.4050176e+002  1.5313106e+003  4.3868376e+003
  6.5505880e+000  4.4078706e+002  1.5316512e+003  4.3869288e+003
  6.5488240e+000  4.4098765e+002  1.5317229e+003  4.3868476e+003
  6.5505880e+000  4.4090294e+002  1.5315076e+003  4.3868300e+003
  6.5494120e+000  4.4088588e+002  1.5319200e+003  4.3868829e+003
  6.5500000e+000  4.4093882e+002  1.5313629e+003  4.3869365e+003
  6.5505880e+000  4.4080235e+002  1.5315794e+003  4.3868553e+003
  6.5500000e+000  4.4102294e+002  1.5312206e+003  4.3868394e+003
  6.5500000e+000  4.4090353e+002  1.5315606e+003  4.3869118e+003
  6.5500000e+000  4.4090353e+002  1.5312388e+003  4.3868288e+003
  6.5511760e+000  4.4086294e+002  1.5314894e+003  4.3867753e+003
  6.5500000e+000  4.4088235e+002  1.5315076e+003  4.3867571e+003
  6.5500000e+000  4.4091177e+002  1.5317765e+003  4.3867124e+003
  6.5505880e+000  4.4096177e+002  1.5316329e+003  4.3865871e+003
  6.5500000e+000  4.4089941e+002  1.5314888e+003  4.3866771e+003
  6.5500000e+000  4.4091823e+002  1.5314888e+003  4.3867041e+003
  6.5500000e+000  4.4033000e+002  1.5321353e+003  4.3865782e+003
  6.5500000e+000  4.4028529e+002  1.5318118e+003  4.3866335e+003
  6.5500000e+000  4.4030765e+002  1.5318671e+003  4.3865435e+003
  6.5500000e+000  4.4025588e+002  1.5319724e+003  4.3867212e+003
  6.5494120e+000  4.4024294e+002  1.5320459e+003  4.3866324e+003
  6.5511760e+000  4.4041765e+002  1.5317941e+003  4.3867759e+003
  6.5500000e+000  4.4039118e+002  1.5316865e+003  4.3867312e+003
  6.5505880e+000  4.4033706e+002  1.5317047e+003  4.3867312e+003
  6.5500000e+000  4.4032706e+002  1.5314353e+003  4.3866871e+003
  6.5482350e+000  4.4029235e+002  1.5310941e+003  4.3867671e+003
  6.5470590e+000  4.4030882e+002  1.5316506e+003  4.3867476e+003
  6.5505880e+000  4.4019706e+002  1.5318129e+003  4.3867041e+003
  6.5494120e+000  4.4041765e+002  1.5316506e+003  4.3867382e+003
  6.5500000e+000  4.4031059e+002  1.5318841e+003  4.3867659e+003
  6.5511760e+000  4.4021412e+002  1.5318659e+003  4.3866771e+003
  6.5500000e+000  4.4027235e+002  1.5316859e+003  4.3867053e+003
  6.5505880e+000  4.4025529e+002  1.5320988e+003  4.3868465e+003
  6.5505880e+000  4.4016235e+002  1.5319382e+003  4.3867935e+003
  6.5482350e+000  4.4016765e+002  1.5315418e+003  4.3867218e+003
  6.5500000e+000  4.4026529e+002  1.5319012e+003  4.3867659e+003
  6.5500000e+000  4.4031471e+002  1.5317765e+003  4.3867935e+003
  6.5505880e+000  4.4027824e+002  1.5315794e+003  4.3866953e+003
  6.5488240e+000  4.4031471e+002  1.5317941e+003  4.3866953e+003
  6.5500000e+000  4.4035059e+002  1.5314541e+003  4.3867306e+003
  6.5482350e+000  4.4034647e+002  1.5311124e+003  4.3866588e+003
  6.5576470e+000  4.4020177e+002  1.5312012e+003  4.3867841e+003
  6.5505880e+000  4.4016177e+002  1.5315253e+003  4.3867659e+003
  6.5500000e+000  4.4033765e+002  1.5317582e+003  4.3867753e+003
  6.5500000e+000  4.4035000e+002  1.5316865e+003  4.3867041e+003
  6.5470590e+000  4.4030471e+002  1.5316518e+003  4.3867212e+003
  6.5505880e+000  4.4010353e+002  1.5321547e+003  4.3867576e+003
  6.5523530e+000  4.4022353e+002  1.5316865e+003  4.3866941e+003
  6.5488240e+000  4.4030235e+002  1.5316871e+003  4.3866418e+003
  6.5505880e+000  4.4031059e+002  1.5321706e+003  4.3866047e+003
  6.5488240e+000  4.4032000e+002  1.5322418e+003  4.3867029e+003
  6.5494120e+000  4.4087471e+002  1.5317047e+003  4.3867671e+003
  6.5494120e+000  4.4091588e+002  1.5315982e+003  4.3866682e+003
  6.5494120e+000  4.4094176e+002  1.5319741e+003  4.3868024e+003
  6.5500000e+000  4.4093294e+002  1.5317053e+003  4.3868206e+003
  6.5511760e+000  4.4077471e+002  1.5317053e+003  4.3867041e+003
  6.5523530e+000  4.4077412e+002  1.5319553e+003  4.3866424e+003
  6.5511760e+000  4.4088353e+002  1.5320635e+003  4.3866953e+003
  6.5488240e+000  4.4087765e+002  1.5316865e+003  4.3867659e+003
  6.5500000e+000  4.4097059e+002  1.5318306e+003  4.3867576e+003
  6.5500000e+000  4.4093882e+002  1.5317229e+003  4.3867035e+003
  6.5611760e+000  4.4087353e+002  1.5317759e+003  4.3868459e+003
  6.5505880e+000  4.4082941e+002  1.5319194e+003  4.3867406e+003
  6.5494120e+000  4.4077059e+002  1.5315429e+003  4.3868382e+003
  6.5552940e+000  4.4071823e+002  1.5321000e+003  4.3867947e+003
  6.5552940e+000  4.4097294e+002  1.5316871e+003  4.3868306e+003
  6.5500000e+000  4.4084177e+002  1.5319735e+003  4.3867747e+003
  6.5505880e+000  4.4066823e+002  1.5317229e+003  4.3867306e+003
  6.5500000e+000  4.4090941e+002  1.5318841e+003  4.3867571e+003
  6.5500000e+000  4.4099706e+002  1.5317588e+003  4.3867482e+003
  6.5511760e+000  4.4080647e+002  1.5318306e+003  4.3867841e+003
  6.5494120e+000  4.4096765e+002  1.5319024e+003  4.3867488e+003
  6.5500000e+000  4.4089294e+002  1.5320276e+003  4.3868565e+003
  6.5523530e+000  4.4067941e+002  1.5317941e+003  4.3868029e+003
  6.5500000e+000  4.4091941e+002  1.5318659e+003  4.3868041e+003
  6.5394120e+000  4.4097118e+002  1.5316512e+003  4.3867835e+003
  6.5511760e+000  4.4087294e+002  1.5320282e+003  4.3868206e+003
  6.5500000e+000  4.4086412e+002  1.5315971e+003  4.3868118e+003
  6.5500000e+000  4.4092235e+002  1.5319571e+003  4.3867488e+003
  6.5494120e+000  4.4089000e+002  1.5318647e+003  4.3867671e+003
  6.5500000e+000  4.4086765e+002  1.5318124e+003  4.3867124e+003
  6.5500000e+000  4.4087647e+002  1.5320276e+003  4.3867318e+003
  6.5511760e+000  4.4095824e+002  1.5318665e+003  4.3866953e+003
