  3.7710000e+001
  3.7618235e+001
  3.7630588e+001
  3.7748235e+001
  3.7734706e+001
  3.7621176e+001
  3.7577647e+001
  3.7577059e+001
  3.7559412e+001
  3.7601765e+001
  3.7717647e+001
  3.7902941e+001
  3.7810000e+001
  3.7708824e+001
  3.7548824e+001
  3.7571765e+001
  3.7750588e+001
  3.7690588e+001
  3.7756471e+001
  3.7664118e+001
  3.7815294e+001
  3.7668235e+001
  3.7849412e+001
  3.7681765e+001
  3.7737647e+001
  3.7812941e+001
  3.7801176e+001
  3.7919412e+001
  3.7902353e+001
  3.7793529e+001
  3.7821765e+001
  3.6788235e+001
  3.7704706e+001
  3.7689412e+001
  3.7732941e+001
  3.7791765e+001
  3.7840588e+001
  3.7674706e+001
  3.7767059e+001
  3.7772353e+001
  3.7791176e+001
  3.7660588e+001
  3.7847059e+001
  3.7804118e+001
  3.7743529e+001
  3.7740000e+001
  3.7809412e+001
  3.7712353e+001
  3.7853529e+001
  3.7798824e+001
  3.7653529e+001
  3.7622941e+001
  3.7808235e+001
  3.7839412e+001
  3.7816471e+001
  3.7829412e+001
  3.7736471e+001
  3.7728824e+001
  3.7945294e+001
  3.7880588e+001
  3.7896471e+001
  3.7883529e+001
  3.7767647e+001
  3.7792353e+001
  3.7888824e+001
  3.7814706e+001
  3.7680000e+001
  3.7640588e+001
  3.7695294e+001
  3.7628235e+001
  3.7622941e+001
  3.7762941e+001
  3.7765294e+001
  3.7817647e+001
  3.7875294e+001
  3.7638824e+001
  3.7630000e+001
  3.7777059e+001
  3.7874118e+001
  3.7713529e+001
  3.7818824e+001
  3.7642941e+001
  3.7681765e+001
  3.7814706e+001
  3.7890000e+001
  3.7922353e+001
  3.8031176e+001
  3.7781765e+001
  3.7732353e+001
  3.7830000e+001
  3.7815882e+001
  3.7971176e+001
  3.7722353e+001
  3.7768824e+001
  3.7797647e+001
  3.7934706e+001
  3.7652353e+001
  3.7692353e+001
  3.7863529e+001
  3.7775294e+001
  3.7829412e+001
  3.7765882e+001
  3.7895882e+001
  3.8001176e+001
  3.7711765e+001
  3.7802353e+001
  3.7883529e+001
  3.6339412e+001
  3.7997647e+001
  3.7720000e+001
  3.7735294e+001
  3.7031765e+001
  3.6066471e+001
  3.7893529e+001
  3.7882353e+001
  3.7753529e+001
  3.7782353e+001
  3.7791176e+001
  3.7775294e+001
  3.7840588e+001
  3.7739412e+001
  3.7829412e+001
  3.7802353e+001
  3.7922941e+001
  3.7750588e+001
  3.7767647e+001
  3.7770588e+001
  3.7797647e+001
  3.7957059e+001
  3.7932941e+001
  3.7788235e+001
  3.7793529e+001
  3.7897647e+001
  3.7978235e+001
  3.8062353e+001
  3.7920000e+001
  3.7780000e+001
  3.7875882e+001
  3.7820588e+001
  3.8021176e+001
  3.7782353e+001
  3.8484118e+001
  3.8469412e+001
  3.8547059e+001
  3.8594118e+001
  3.8739412e+001
  3.8777059e+001
  3.8530000e+001
  3.8649412e+001
  3.8654706e+001
  3.8609412e+001
  3.8432353e+001
  3.8385882e+001
  3.8562353e+001
  3.8614706e+001
  3.8692353e+001
  3.8869412e+001
  3.8776471e+001
  3.8744118e+001
  3.8589412e+001
  3.8414118e+001
  3.8544706e+001
  3.8606471e+001
  3.8677059e+001
  3.8568235e+001
  3.8444118e+001
  3.8684706e+001
  3.8691765e+001
  3.8621176e+001
  3.8379412e+001
  3.8690588e+001
  3.8565882e+001
  3.8492941e+001
  3.8441765e+001
  3.8542353e+001
  3.8754118e+001
  3.8594118e+001
  3.8637059e+001
  3.8562941e+001
  3.8615294e+001
  3.8537647e+001
  3.8497059e+001
  3.8442353e+001
  3.8588235e+001
  3.8669412e+001
  3.8641765e+001
  3.8307059e+001
  3.8648824e+001
  3.8391176e+001
  3.7725882e+001
  3.7837647e+001
  3.7678235e+001
  3.7697059e+001
  3.7754706e+001
  3.7914118e+001
  3.8025882e+001
  3.8074706e+001
  3.8190588e+001
  3.7881765e+001
  3.7897647e+001
  3.7999412e+001
  3.8031765e+001
  3.7910000e+001
  3.8035882e+001
  3.8098235e+001
  3.8167059e+001
  3.8055882e+001
  3.8153529e+001
  3.8047647e+001
  3.8027059e+001
  3.8236471e+001
  3.8262353e+001
  3.8176471e+001
  3.8198824e+001
  3.8327647e+001
  3.8417647e+001
  3.8045882e+001
  3.8411765e+001
  3.8506471e+001
  3.8307059e+001
  3.8774118e+001
  3.8790588e+001
  3.8502353e+001
  3.8503529e+001
  3.8697059e+001
  3.8890000e+001
  3.8771176e+001
  3.8911765e+001
  3.8812353e+001
  3.8703529e+001
  3.8678235e+001
  3.8791765e+001
  3.8823529e+001
  3.8775882e+001
  3.8898235e+001
  3.9028824e+001
  3.8957059e+001
  3.8677647e+001
  3.8975882e+001
  3.9061176e+001
  3.8909412e+001
  3.9090000e+001
  3.8795882e+001
  3.8887059e+001
  3.8908824e+001
  3.8970588e+001
  3.9234118e+001
  3.8929412e+001
  3.9098824e+001
  3.9238824e+001
  3.9220588e+001
  3.9328824e+001
  3.9002353e+001
  3.9169412e+001
  3.9214706e+001
  3.9177059e+001
  3.9313529e+001
  3.9374118e+001
  3.9332353e+001
  3.9347059e+001
  3.9215882e+001
  3.9154118e+001
  3.9517647e+001
  3.9482353e+001
  3.9402353e+001
  3.9065882e+001
  3.9330588e+001
  3.9319412e+001
  3.9272941e+001
  3.9385294e+001
  3.9200000e+001
  3.9417647e+001
  3.9470588e+001
  3.9762353e+001
  3.9655882e+001
  3.9667059e+001
  3.9622353e+001
  3.9894706e+001
  3.9844706e+001
  4.0197059e+001
  4.0099412e+001
  4.0417647e+001
  4.0422941e+001
  3.9795882e+001
  3.9837059e+001
  3.9996471e+001
  3.9881176e+001
  3.9970000e+001
  4.0068824e+001
  4.0087647e+001
  4.0275294e+001
  4.0271176e+001
  4.0396471e+001
  4.0323529e+001
  4.0063529e+001
  4.0228235e+001
  4.0535294e+001
  4.0305294e+001
  4.0280588e+001
  4.0372941e+001
  4.0445882e+001
  4.0896471e+001
  4.0881176e+001
  4.0789412e+001
  4.0741765e+001
  4.0691176e+001
  4.1037647e+001
  4.0723529e+001
  4.0947059e+001
  4.1247059e+001
  4.1308235e+001
  4.1503529e+001
  3.6702353e+001
  4.1294118e+001
  4.1315294e+001
  4.1027059e+001
  4.1265882e+001
  4.1500588e+001
  4.1872353e+001
  4.1267059e+001
  4.1551765e+001
  4.1264706e+001
  4.1338235e+001
  4.1263529e+001
  4.1500000e+001
  4.1450588e+001
  4.1166471e+001
  4.1690588e+001
  4.1228824e+001
  4.1401176e+001
  4.1541176e+001
  4.1543529e+001
  4.1329412e+001
  4.1527647e+001
  4.1694706e+001
  4.1691176e+001
  4.1539412e+001
  4.2095882e+001
  4.2090000e+001
  4.2146471e+001
  4.2350000e+001
  4.1662941e+001
  4.1582941e+001
  4.1971765e+001
  4.1550588e+001
  4.1190588e+001
  4.1717059e+001
  4.1247059e+001
  4.1181176e+001
  4.1593529e+001
  4.1724706e+001
  4.1608824e+001
  4.1688235e+001
  4.1798235e+001
  4.1501765e+001
  4.1918824e+001
  4.1961176e+001
  4.1912941e+001
  4.3235882e+001
  4.2507059e+001
  4.2862353e+001
  4.2972353e+001
  4.3043529e+001
  4.3098235e+001
  4.2497647e+001
  4.2482941e+001
  4.2519412e+001
  4.2519412e+001
  4.2458824e+001
  4.2734706e+001
  4.2577647e+001
  4.2191176e+001
  4.2430588e+001
  4.2218824e+001
  4.2267059e+001
  4.2265294e+001
  4.2432353e+001
  4.2644706e+001
  4.2773529e+001
  4.2858824e+001
  4.2447059e+001
  4.2484118e+001
  4.2335294e+001
  4.2758235e+001
  4.2729412e+001
  4.2849412e+001
  4.2316471e+001
  4.2390588e+001
  4.2376471e+001
  4.2453529e+001
  4.2867647e+001
  4.2517647e+001
  4.2964118e+001
  4.2700000e+001
  4.2301765e+001
  4.2757059e+001
  4.2996471e+001
  4.3060000e+001
  4.2691765e+001
  4.2981176e+001
  4.2730588e+001
  4.2738824e+001
  4.2573529e+001
  4.2681176e+001
  4.2775294e+001
  4.2858824e+001
  4.3077059e+001
  4.3101176e+001
  4.3442353e+001
  4.3257059e+001
  4.3428235e+001
  4.3546471e+001
  4.3756471e+001
  4.3728824e+001
  4.3481765e+001
  4.3571765e+001
  4.3556471e+001
  4.3374706e+001
  4.3218235e+001
  4.3886471e+001
  4.3761176e+001
  4.4310000e+001
  4.4167647e+001
  4.4118235e+001
  4.3865882e+001
  4.4171765e+001
  4.4470000e+001
  4.5324706e+001
  4.8144706e+001
  4.8420588e+001
  4.8614118e+001
  4.8244706e+001
  4.7299412e+001
  4.7594706e+001
  4.7563529e+001
  4.7360588e+001
  4.8137647e+001
  4.7700000e+001
  4.7612353e+001
  4.7189412e+001
  4.7532941e+001
  4.8262941e+001
  4.8666471e+001
  4.8110588e+001
  4.7692941e+001
  4.7824118e+001
  4.7273529e+001
  4.7602941e+001
  4.8046471e+001
  4.7975294e+001
  4.8270588e+001
  4.8849412e+001
  4.9004118e+001
  4.8937059e+001
  4.8538824e+001
  4.7504118e+001
  4.7698824e+001
  4.8468824e+001
  4.7868235e+001
  4.8255294e+001
  4.8817059e+001
  4.9030588e+001
  4.9101765e+001
  4.8140588e+001
  4.8823529e+001
  4.8633529e+001
  4.7826471e+001
  4.8755882e+001
  4.8611176e+001
  4.7979412e+001
  4.8643529e+001
  4.8776471e+001
  4.8981765e+001
  4.9998235e+001
  5.0840588e+001
  4.9501765e+001
  5.1065882e+001
  5.0660588e+001
  4.9887059e+001
  5.0216471e+001
  4.9397059e+001
  5.0589412e+001
  4.9949412e+001
  5.0462353e+001
  5.0061765e+001
  5.0970000e+001
  5.0249412e+001
  5.1617647e+001
  5.0907059e+001
  5.1548824e+001
  5.0713529e+001
  5.1247647e+001
  5.1325882e+001
  5.1488824e+001
  5.1652941e+001
  5.1412353e+001
  5.1420000e+001
  5.1353529e+001
  5.1690588e+001
  5.0771176e+001
  5.1615882e+001
  5.2009412e+001
  5.1565294e+001
  5.2483529e+001
  5.1078824e+001
  5.2264118e+001
  5.2551765e+001
  5.2394706e+001
  5.2507059e+001
  5.2705294e+001
  5.3436471e+001
  5.3647059e+001
  5.4236471e+001
  5.3872941e+001
  5.3884706e+001
  5.2724118e+001
  5.2925294e+001
  5.3561765e+001
  5.4222941e+001
  5.4685294e+001
  5.5445294e+001
  5.4015882e+001
  5.3406471e+001
  5.3377059e+001
  5.3858824e+001
  5.4151765e+001
  5.4749412e+001
  5.4081765e+001
  5.4092353e+001
  5.3570588e+001
  5.4698235e+001
  5.4330000e+001
  5.4671765e+001
  5.5667647e+001
  5.5855294e+001
  5.4082353e+001
  5.4378824e+001
  5.5468824e+001
  5.5441765e+001
  5.5230000e+001
  5.5708235e+001
  5.5387647e+001
  5.5780000e+001
  5.6721176e+001
  5.6924706e+001
  5.8108824e+001
  5.7395882e+001
  5.6185882e+001
  5.5954706e+001
  5.5127647e+001
  5.6192941e+001
  5.7778824e+001
  5.7985882e+001
  5.7124118e+001
  5.7978235e+001
  5.5077059e+001
  5.7841765e+001
  5.8816471e+001
  6.0754706e+001
  5.9634706e+001
  5.8377059e+001
  5.8895882e+001
  6.0321765e+001
  5.8902353e+001
  5.9315882e+001
  5.9241765e+001
  6.1918824e+001
  6.2841176e+001
  6.0496471e+001
  6.1235882e+001
  6.2444118e+001
  6.2730000e+001
  6.1514706e+001
  6.1631765e+001
  6.2774118e+001
  6.3678824e+001
  6.4037647e+001
  6.5606471e+001
  7.2005882e+001
