  5.8809358e-001 -7.8984737e-001  2.8914398e-001  7.5040771e-001
  5.9001716e-001 -7.8204784e-001  2.8278712e-001  7.5040930e-001
  5.9386431e-001 -7.8535898e-001  2.8169472e-001  7.5055188e-001
  5.9771473e-001 -7.8580044e-001  2.8668026e-001  7.5033484e-001
  5.9194073e-001 -7.8162476e-001  2.8630839e-001  7.5040930e-001
  5.9386431e-001 -7.8425527e-001  2.8561109e-001  7.5047901e-001
  5.9194073e-001 -7.8335390e-001  2.8278712e-001  7.5009245e-001
  5.9194073e-001 -7.8396094e-001  2.8666865e-001  7.5009403e-001
  5.9001716e-001 -7.8495429e-001  2.7426870e-001  7.5038237e-001
  5.9001716e-001 -7.8401614e-001  2.7496598e-001  7.5028414e-001
 -1.2073212e+000  1.0704172e+000 -1.7306619e+000 -1.6639288e+000
  9.1907926e-001 -2.0860869e+000 -3.2727944e+000 -4.7550722e-002
 -1.2053584e+000  1.0645444e+000  1.6997128e+000 -8.2845642e-002
 -1.2073212e+000  1.0704767e+000 -1.1692093e+000 -1.6485935e+000
  2.0640641e+000 -1.4321867e+000 -5.0597261e-001  5.6906944e-001
  2.0640641e+000 -1.4287468e+000 -5.0170526e-001  5.3346210e-001
  6.5147994e-001 -7.9113595e-001  4.9705168e-001  8.1746434e-001
  5.8997790e-001 -7.8396223e-001  5.0272172e-001  9.1810267e-001
  6.0927907e-001 -7.8499106e-001  1.4666879e+000  4.6795172e-001
  5.9194073e-001 -7.8997577e-001  4.7682129e-001  7.6626583e-001
  5.9194073e-001 -7.8423742e-001  5.0481588e-001  8.0472531e-001
  5.8049088e-001 -7.8274576e-001  4.7964643e-001  7.5985861e-001
  5.9586639e-001 -7.8346501e-001  4.7824374e-001  8.1811341e-001
  5.8801507e-001 -7.8476903e-001  4.9493776e-001  7.4774711e-001
 -1.2092840e+000  1.0685785e+000  1.4578371e+000  4.7843321e-003
 -1.2135368e+000  1.0666646e+000  1.4684660e+000 -4.8334455e-002
 -1.2014327e+000  1.0708550e+000  1.4588447e+000 -4.9360580e-002
 -1.2073212e+000  1.0723530e+000  1.4496580e+000  3.7326760e-002
 -1.2033955e+000  1.0662018e+000 -5.0174477e-001 -1.6043489e+000
 -1.2073212e+000  1.0711490e+000 -5.0808652e-001 -1.6862234e+000
  5.8997790e-001  7.6005206e-001 -4.9459301e-001  4.4776318e-001
 -1.2073212e+000  1.0696229e+000 -5.0032232e-001 -1.6519681e+000
 -1.2073212e+000  1.0708457e+000 -1.2107172e+000 -1.6259137e+000
 -1.2135368e+000  1.0702984e+000 -1.8370690e+000 -1.6537807e+000
 -1.2073212e+000  1.0708363e+000 -5.0850140e-001 -1.6507938e+000
 -1.2073212e+000  1.0698606e+000 -5.1059557e-001 -1.6475216e+000
 -1.2073212e+000  1.0723373e+000 -4.9180738e-001 -1.6113109e+000
  5.9782923e-001  7.3361810e-001 -5.2159979e-001  5.1327357e-001
  5.6707820e-001  7.6895510e-001 -5.0988434e-001  4.6594256e-001
  5.9194073e-001  7.6985573e-001 -4.9109616e-001  4.9717876e-001
