  7.4948808e-001 -9.2945671e-001  3.0491528e-001  8.5764106e-001
  7.4760264e-001 -9.2858286e-001  3.0250521e-001  8.5725405e-001
  7.4760264e-001 -9.2917137e-001  3.0581782e-001  8.5725564e-001
  7.4571719e-001 -9.3013438e-001  2.9523534e-001  8.5754431e-001
  7.4571719e-001 -9.2922488e-001  2.9583041e-001  8.5744597e-001
 -1.0159927e+000  8.6857751e-001 -1.4158328e+000 -1.5595451e+000
  1.0682563e+000 -2.1915328e+000 -2.7319352e+000  5.8692990e-002
 -1.0140688e+000  8.6288404e-001  1.5117522e+000  2.3357454e-002
 -1.0159927e+000  8.6863512e-001 -9.3667229e-001 -1.5441922e+000
  2.1905443e+000 -1.5576015e+000 -3.7064610e-001  6.7602273e-001
  7.4760264e-001 -9.2943940e-001  4.9199124e-001  9.1194978e-001
  7.3637976e-001 -9.2799330e-001  4.7051087e-001  8.6703146e-001
  7.5145048e-001 -9.2869058e-001  4.6931377e-001  9.2535329e-001
  7.4375479e-001 -9.2995479e-001  4.8356096e-001  8.5490601e-001
 -1.0179167e+000  8.6679489e-001  1.3053283e+000  1.1108827e-001
 -1.0220852e+000  8.6493951e-001  1.3143993e+000  5.7908355e-002
 -1.0102210e+000  8.6900195e-001  1.3061882e+000  5.6881049e-002
 -1.0159927e+000  8.7045412e-001  1.2983480e+000  1.4366814e-001
 -1.0159927e+000  8.6899285e-001 -9.7209635e-001 -1.5214863e+000
 -1.0220852e+000  8.6846231e-001 -1.5066439e+000 -1.5493853e+000
 -1.0159927e+000  8.6898376e-001 -3.7280425e-001 -1.5463951e+000
 -1.0159927e+000  8.6803788e-001 -3.7459147e-001 -1.5431190e+000
 -1.0159927e+000  8.7043896e-001 -3.5855707e-001 -1.5068667e+000
  7.5337440e-001  5.4206360e-001 -3.8398281e-001  6.2016265e-001
  7.2323296e-001  5.7632147e-001 -3.7398449e-001  5.7277717e-001
  7.4760264e-001  5.7719459e-001 -3.5795009e-001  6.0404933e-001
