  5.7386654e-001
  6.0914265e-001
  6.3497903e-001
  6.3870517e-001
  6.1435959e-001
  5.9945417e-001
  5.8380335e-001
  5.5200505e-001
  5.9274685e-001
  5.7858640e-001
  1.9028900e-001
  3.8325185e+000
 -8.1433000e-001
 -7.8400730e-001
 -1.9793890e+000
 -2.0541822e+000
 -1.1216113e+000
 -1.4341294e+000
 -6.5883113e-001
 -6.7791828e-002
 -2.7523628e-001
 -3.7511358e-002
  1.8150650e-002
 -1.6146279e-001
 -1.1345344e+000
 -1.0361756e+000
 -4.9260528e-001
 -9.8224513e-001
  1.3314886e-001
  6.6844349e-002
  8.9261008e-001
  2.8070809e-001
 -6.5410112e-001
  1.9675052e-001
 -2.0644006e-001
  8.9691956e-002
 -3.4107624e-001
  1.1596441e+000
  6.6603446e-001
  7.3162103e-001
