  2.4000831e+004  1.3997985e+004  5.9997030e+000  4.4583951e+001
  2.3999379e+004  1.3996712e+004  6.0000210e+000  4.1599773e+001
  2.4000708e+004  1.3999431e+004  5.9999920e+000  4.1280923e+001
  2.3998954e+004  1.3999185e+004  6.0001490e+000  4.5266649e+001
  2.3998738e+004  1.3999508e+004  6.0001230e+000  4.2738923e+001
  2.4000000e+004  1.3999477e+004  5.9999640e+000  4.0261140e+001
  2.3999015e+004  1.4001031e+004  5.9999180e+000  4.0647808e+001
  2.3999769e+004  1.3999046e+004  5.9998970e+000  4.3091446e+001
  2.4000431e+004  1.3999477e+004  6.0001110e+000  4.1490388e+001
  2.3998354e+004  1.3998431e+004  6.0001320e+000  4.2408858e+001
  2.3999046e+004  1.3999508e+004  5.9999950e+000  4.2695045e+001
  2.4000015e+004  1.3999262e+004  5.9999580e+000  4.2897711e+001
  2.3999477e+004  1.3999600e+004  6.0002280e+000  4.1479782e+001
  2.3999554e+004  1.3999662e+004  5.9998410e+000  4.2503552e+001
  2.3998523e+004  1.3999092e+004  6.0000890e+000  3.4988525e+001
  2.3999985e+004  1.3999354e+004  5.9999830e+000  4.0139460e+001
  2.3998492e+004  1.3999523e+004  6.0000650e+000  4.0442206e+001
  2.3999169e+004  1.3999569e+004  6.0000320e+000  4.2612812e+001
  2.3999862e+004  1.3999877e+004  5.9999920e+000  3.4031174e+001
  2.3999662e+004  1.3995877e+004  6.0000260e+000  4.1614435e+001
  2.3998954e+004  1.4000154e+004  6.0000430e+000  4.0409695e+001
  2.3998646e+004  1.3996415e+004  5.9999970e+000  4.4391060e+001
  2.3999492e+004  1.3995862e+004  6.0001180e+000  4.1496466e+001
  2.3999400e+004  1.3996154e+004  5.9998810e+000  4.1531511e+001
  2.3999846e+004  1.4000246e+004  6.0001910e+000  4.0308189e+001
  2.3998538e+004  1.3998062e+004  6.0000550e+000  4.2406297e+001
  2.3998877e+004  1.3998938e+004  5.9998800e+000  4.0134586e+001
  2.3999446e+004  1.3999554e+004  6.0000740e+000  4.1911823e+001
  2.3998908e+004  1.3999446e+004  5.9999570e+000  4.1709808e+001
  2.3999138e+004  1.3998862e+004  5.9998410e+000  3.5115314e+001
  2.3998969e+004  1.3999523e+004  6.0000490e+000  4.2388311e+001
  2.4000385e+004  1.3997831e+004  6.0000120e+000  4.4373060e+001
  2.3999246e+004  1.3998292e+004  5.9997750e+000  4.2311506e+001
  2.3999277e+004  1.3999031e+004  5.9999210e+000  4.2214888e+001
  2.3999154e+004  1.3998754e+004  5.9999650e+000  4.0467655e+001
  2.3999015e+004  1.3999554e+004  6.0000950e+000  4.0339011e+001
  2.3998969e+004  1.3999523e+004  6.0001570e+000  4.8052177e+001
  2.3999262e+004  1.4001908e+004  5.9999940e+000  4.0199497e+001
  2.3998415e+004  1.3999446e+004  6.0001460e+000  4.1651640e+001
  2.3997846e+004  1.3996877e+004  6.0000120e+000  4.4100263e+001
  2.3999815e+004  1.3999523e+004  6.0000600e+000  4.2069198e+001
  2.3998062e+004  1.3999477e+004  5.9999350e+000  4.7867248e+001
  2.3999769e+004  1.3998769e+004  5.9998770e+000  4.1603912e+001
  2.4000154e+004  1.3999400e+004  5.9999610e+000  4.2897974e+001
  2.3997908e+004  1.3997877e+004  6.0000970e+000  4.2081895e+001
  2.3999677e+004  1.3999631e+004  5.9999240e+000  4.0076238e+001
  2.3999462e+004  1.3999646e+004  5.9999810e+000  3.4117422e+001
  2.3997215e+004  1.3998708e+004  6.0000570e+000  4.3764078e+001
  2.3999908e+004  1.3999538e+004  6.0000510e+000  4.2565278e+001
  2.4000185e+004  1.3999154e+004  6.0000090e+000  4.1613563e+001
  2.3999292e+004  1.3999600e+004  5.9999810e+000  4.1747040e+001
  2.3998831e+004  1.3999508e+004  5.9999680e+000  4.2927120e+001
  2.3999215e+004  1.3999662e+004  5.9999810e+000  4.2916265e+001
  2.3999062e+004  1.3999523e+004  5.9999950e+000  4.2651651e+001
  2.3999046e+004  1.3997585e+004  5.9998800e+000  4.4008906e+001
  2.3999200e+004  1.3999338e+004  6.0000000e+000  4.7480303e+001
  2.3998354e+004  1.3999523e+004  5.9999860e+000  4.0530005e+001
  2.3999231e+004  1.3999508e+004  5.9999630e+000  3.4056997e+001
  2.3999769e+004  1.3999369e+004  6.0000710e+000  4.2510240e+001
  2.3999385e+004  1.3999538e+004  6.0000230e+000  4.1547531e+001
  2.3998569e+004  1.3997631e+004  6.0001690e+000  4.2232874e+001
  2.3999369e+004  1.3999062e+004  6.0000720e+000  4.2898389e+001
  2.3997985e+004  1.3996323e+004  6.0000810e+000  4.2337994e+001
  2.3999879e+004  1.3999364e+004  5.9999480e+000  4.0092900e+001
  2.3997692e+004  1.3997477e+004  5.9998320e+000  4.2267808e+001
  2.4000723e+004  1.4000292e+004  6.0000430e+000  4.0630763e+001
  2.3999123e+004  1.3999431e+004  5.9998600e+000  4.0526972e+001
  2.3999938e+004  1.3999815e+004  6.0000410e+000  4.2288978e+001
  2.3998538e+004  1.3999615e+004  5.9997580e+000  4.8038829e+001
  2.3999400e+004  1.3999431e+004  5.9999490e+000  4.0601797e+001
  2.3997600e+004  1.3999554e+004  6.0000020e+000  4.7950602e+001
  2.3998862e+004  1.3998077e+004  6.0001010e+000  4.3569014e+001
  2.3999246e+004  1.3999538e+004  5.9999630e+000  4.1839048e+001
  2.3998354e+004  1.3999508e+004  6.0000430e+000  4.0555385e+001
  2.3999708e+004  1.3999108e+004  6.0000000e+000  4.2289837e+001
  2.3998662e+004  1.3999462e+004  5.9999680e+000  4.1648649e+001
  2.3999231e+004  1.3999508e+004  6.0001010e+000  4.2786900e+001
  2.4000231e+004  1.4000508e+004  6.0000060e+000  4.0455651e+001
  2.4000262e+004  1.4000492e+004  5.9999080e+000  4.0568594e+001
  2.3998692e+004  1.3999446e+004  6.0000510e+000  4.1708395e+001
  2.3999492e+004  1.4000046e+004  6.0000280e+000  3.4406820e+001
  2.3999439e+004  1.3995909e+004  6.0000620e+000  4.1546768e+001
  2.3998985e+004  1.3999554e+004  5.9999250e+000  4.1575832e+001
  2.3999415e+004  1.3999523e+004  5.9999170e+000  4.0691852e+001
  2.3999892e+004  1.3998569e+004  5.9999080e+000  4.3988206e+001
  2.3997938e+004  1.3998492e+004  5.9997740e+000  4.3817649e+001
  2.3999400e+004  1.3999077e+004  6.0000940e+000  4.2883283e+001
  2.3999969e+004  1.3999523e+004  6.0001250e+000  4.0664492e+001
  2.3999400e+004  1.3999554e+004  5.9998060e+000  4.1677615e+001
  2.3998877e+004  1.3999538e+004  6.0000000e+000  4.2571606e+001
  2.3999354e+004  1.3996538e+004  5.9998460e+000  4.4076268e+001
  2.4000277e+004  1.3999338e+004  5.9999690e+000  4.2388394e+001
  2.3998308e+004  1.3994754e+004  5.9998340e+000  4.0271746e+001
  2.3998769e+004  1.3997277e+004  5.9999740e+000  4.1734980e+001
  2.3999046e+004  1.3999615e+004  6.0000570e+000  4.1740574e+001
  2.3999046e+004  1.3999508e+004  5.9999170e+000  4.0671762e+001
  2.3999754e+004  1.3998708e+004  6.0001140e+000  4.3901058e+001
  2.3999169e+004  1.3999415e+004  5.9999860e+000  4.0192629e+001
  2.3999754e+004  1.3999523e+004  5.9998840e+000  4.0176332e+001
  2.3999015e+004  1.3999446e+004  6.0000680e+000  4.1905938e+001
  2.3999200e+004  1.3999477e+004  5.9999340e+000  4.1657580e+001
  2.3999892e+004  1.4001246e+004  6.0000430e+000  4.0715238e+001
  2.3999308e+004  1.3999585e+004  6.0000370e+000  4.0609426e+001
  2.3997338e+004  1.3997985e+004  5.9998880e+000  4.2097320e+001
  2.3999446e+004  1.3999492e+004  6.0000000e+000  4.0129422e+001
  2.3999554e+004  1.3999662e+004  5.9999580e+000  4.1837635e+001
  2.3999167e+004  1.3999485e+004  6.0000070e+000  4.1561905e+001
  2.3999862e+004  1.4001662e+004  6.0000710e+000  4.0287932e+001
  2.3999400e+004  1.3999492e+004  6.0000290e+000  4.2696886e+001
  2.3999646e+004  1.3999446e+004  5.9999050e+000  4.0898382e+001
